Observed  Wavelength  Vac (nm),Ritz  Wavelength  Vac (nm),Rel.  Int. (?),Aki (s-1),Acc.,Ei  (cm-1),,Ek  (cm-1),"Lower Level  Conf., Term, J","Lower Level  Conf., Term, J","Lower Level  Conf., Term, J","Upper Level  Conf., Term, J","Upper Level  Conf., Term, J","Upper Level  Conf., Term, J",Type,TPRef.,LineRef.
,18.06,"g,a",,,0.000,-,553 710,2p63s2,1S,0,2p<sup>5</sup>(<sup>2</sup>P°)3p<sup>2</sup>(<sup>1</sup>S) (<sup>2</sup>P°<sub>1/2</sub>)4s?,°,1,,,https://physics.nist.gov/cgi-bin/ASBib1/get_ASBib_ref.cgi?db=el&amp;db_id=4561&amp;comment_code=&amp;element=Mg&amp;spectr_charge=1&amp;ref=4561&amp;type=
18.10,18.10,"g,a",,,0.000,-,552 490,2p63s2,1S,0,2p<sup>5</sup>(<sup>2</sup>P°)3p<sup>2</sup>(<sup>1</sup>S) (<sup>2</sup>P°<sub>3/2</sub>)4s?,°,1,,,https://physics.nist.gov/cgi-bin/ASBib1/get_ASBib_ref.cgi?db=el&amp;db_id=4561&amp;comment_code=&amp;element=Mg&amp;spectr_charge=1&amp;ref=4561&amp;type=
18.206,18.206,"g,a",,,0.000,-,549 270,2p63s2,1S,0,2p<sup>5</sup>(<sup>2</sup>P°)3s3d(<sup>3</sup>D) (<sup>2</sup>P°<sub>1/2</sub>)5d?,°,1,,,https://physics.nist.gov/cgi-bin/ASBib1/get_ASBib_ref.cgi?db=el&amp;db_id=4561&amp;comment_code=&amp;element=Mg&amp;spectr_charge=1&amp;ref=4561&amp;type=
18.27,18.27,"g,a",,,0.000,-,547 350,2p63s2,1S,0,2p<sup>5</sup>(<sup>2</sup>P°)3p<sup>2</sup>(<sup>3</sup>P) (<sup>2</sup>P°)3d?,°,1,,,https://physics.nist.gov/cgi-bin/ASBib1/get_ASBib_ref.cgi?db=el&amp;db_id=4561&amp;comment_code=&amp;element=Mg&amp;spectr_charge=1&amp;ref=4561&amp;type=
18.303,18.303,"g,a",,,0.000,-,546 360,2p63s2,1S,0,2p<sup>5</sup>(<sup>2</sup>P°)3s3d(<sup>3</sup>D) (<sup>2</sup>P°<sub>1/2</sub>)4d?,°,1,,,https://physics.nist.gov/cgi-bin/ASBib1/get_ASBib_ref.cgi?db=el&amp;db_id=4561&amp;comment_code=&amp;element=Mg&amp;spectr_charge=1&amp;ref=4561&amp;type=
18.315,18.313,"g,a",,,0.000,-,546 060,2p63s2,1S,0,2p<sup>5</sup>(<sup>2</sup>P°)3s3d(<sup>3</sup>D) (<sup>2</sup>P°<sub>3/2</sub>)4d?,°,1,,,https://physics.nist.gov/cgi-bin/ASBib1/get_ASBib_ref.cgi?db=el&amp;db_id=4561&amp;comment_code=&amp;element=Mg&amp;spectr_charge=1&amp;ref=4561&amp;type=
18.353,18.353,"g,a",,,0.000,-,544 870,2p63s2,1S,0,2p<sup>5</sup>(<sup>2</sup>P°)3s3d(<sup>3</sup>D) (<sup>2</sup>P°<sub>3/2</sub>)4d?,°,1,,,https://physics.nist.gov/cgi-bin/ASBib1/get_ASBib_ref.cgi?db=el&amp;db_id=4561&amp;comment_code=&amp;element=Mg&amp;spectr_charge=1&amp;ref=4561&amp;type=
18.595,18.595,"g,a",,,0.000,-,537 780,2p63s2,1S,0,2p<sup>5</sup>(<sup>2</sup>P°)3s3d<sup>2</sup>?,°,1,,,https://physics.nist.gov/cgi-bin/ASBib1/get_ASBib_ref.cgi?db=el&amp;db_id=4561&amp;comment_code=&amp;element=Mg&amp;spectr_charge=1&amp;ref=4561&amp;type=
18.74,18.74,"g,a",,,0.000,-,533 600,2p63s2,1S,0,2p<sup>5</sup>(<sup>2</sup>P°)3p<sup>2</sup>(<sup>3</sup>P) (<sup>2</sup>P°)4s?,°,1,,,https://physics.nist.gov/cgi-bin/ASBib1/get_ASBib_ref.cgi?db=el&amp;db_id=4561&amp;comment_code=&amp;element=Mg&amp;spectr_charge=1&amp;ref=4561&amp;type=
18.768,18.768,"g,a",,,0.000,-,532 820,2p63s2,1S,0,,°,1,,,https://physics.nist.gov/cgi-bin/ASBib1/get_ASBib_ref.cgi?db=el&amp;db_id=4561&amp;comment_code=&amp;element=Mg&amp;spectr_charge=1&amp;ref=4561&amp;type=
18.875,18.875,"g,a",,,0.000,-,529 800,2p63s2,1S,0,,°,1,,,https://physics.nist.gov/cgi-bin/ASBib1/get_ASBib_ref.cgi?db=el&amp;db_id=4561&amp;comment_code=&amp;element=Mg&amp;spectr_charge=1&amp;ref=4561&amp;type=
18.993,18.993,"g,a",,,0.000,-,526 510,2p63s2,1S,0,,°,1,,,https://physics.nist.gov/cgi-bin/ASBib1/get_ASBib_ref.cgi?db=el&amp;db_id=4561&amp;comment_code=&amp;element=Mg&amp;spectr_charge=1&amp;ref=4561&amp;type=
19.407,19.407,"g,a",,,0.000,-,515 280,2p63s2,1S,0,2p<sup>5</sup>(<sup>2</sup>P°)3s3p(<sup>1</sup>P°) (<sup>2</sup>S<sub>1/2</sub>)5p?,°,1,,,https://physics.nist.gov/cgi-bin/ASBib1/get_ASBib_ref.cgi?db=el&amp;db_id=4561&amp;comment_code=&amp;element=Mg&amp;spectr_charge=1&amp;ref=4561&amp;type=
19.466,19.466,"g,a",,,0.000,-,513 720,2p63s2,1S,0,2p<sup>5</sup>(<sup>2</sup>P°)3p<sup>2</sup>(<sup>1</sup>D) (<sup>2</sup>P°<sub>3/2</sub>)4s?,°,1,,,https://physics.nist.gov/cgi-bin/ASBib1/get_ASBib_ref.cgi?db=el&amp;db_id=4561&amp;comment_code=&amp;element=Mg&amp;spectr_charge=1&amp;ref=4561&amp;type=
19.68,19.68,"g,a",,,0.000,-,508 130,2p63s2,1S,0,2p<sup>5</sup>(<sup>2</sup>P°)3s3p(<sup>1</sup>P°) (<sup>2</sup>S<sub>1/2</sub>)4p?,°,1,,,https://physics.nist.gov/cgi-bin/ASBib1/get_ASBib_ref.cgi?db=el&amp;db_id=4561&amp;comment_code=&amp;element=Mg&amp;spectr_charge=1&amp;ref=4561&amp;type=
19.805,19.805,"g,a",,,0.000,-,504 920,2p63s2,1S,0,2p<sup>5</sup>(<sup>2</sup>P°)3s3p(<sup>3</sup>P°) (<sup>2</sup>S<sub>1/2</sub>)9p?,°,1,,,https://physics.nist.gov/cgi-bin/ASBib1/get_ASBib_ref.cgi?db=el&amp;db_id=4561&amp;comment_code=&amp;element=Mg&amp;spectr_charge=1&amp;ref=4561&amp;type=
19.826,19.826,"g,a",,,0.000,-,504 390,2p63s2,1S,0,2p<sup>5</sup>(<sup>2</sup>P°)3s3p(<sup>3</sup>P°) (<sup>2</sup>S<sub>1/2</sub>)8p?,°,1,,,https://physics.nist.gov/cgi-bin/ASBib1/get_ASBib_ref.cgi?db=el&amp;db_id=4561&amp;comment_code=&amp;element=Mg&amp;spectr_charge=1&amp;ref=4561&amp;type=
19.863,19.863,"g,a",,,0.000,-,503 450,2p63s2,1S,0,2p<sup>5</sup>(<sup>2</sup>P°)3s3p(<sup>3</sup>P°) (<sup>2</sup>S<sub>1/2</sub>)7p?,°,1,,,https://physics.nist.gov/cgi-bin/ASBib1/get_ASBib_ref.cgi?db=el&amp;db_id=4561&amp;comment_code=&amp;element=Mg&amp;spectr_charge=1&amp;ref=4561&amp;type=
19.926,19.926,"g,a",,,0.000,-,501 860,2p63s2,1S,0,2p<sup>5</sup>(<sup>2</sup>P°)3s3p(<sup>3</sup>P°) (<sup>2</sup>S<sub>1/2</sub>)6p?,°,1,,,https://physics.nist.gov/cgi-bin/ASBib1/get_ASBib_ref.cgi?db=el&amp;db_id=4561&amp;comment_code=&amp;element=Mg&amp;spectr_charge=1&amp;ref=4561&amp;type=
20.043,20.043,"g,a",,,0.000,-,498 930,2p63s2,1S,0,2p<sup>5</sup>(<sup>2</sup>P°)3s3p(<sup>3</sup>P°) (<sup>2</sup>S<sub>1/2</sub>)5p?,°,1,,,https://physics.nist.gov/cgi-bin/ASBib1/get_ASBib_ref.cgi?db=el&amp;db_id=4561&amp;comment_code=&amp;element=Mg&amp;spectr_charge=1&amp;ref=4561&amp;type=
20.188,20.188,"g,a",,,0.000,-,495 340,2p63s2,1S,0,2p<sup>5</sup>(<sup>2</sup>P°)3s3p(<sup>3</sup>P°) (<sup>2</sup>P<sub>3/2</sub>)5p?,°,1,,,https://physics.nist.gov/cgi-bin/ASBib1/get_ASBib_ref.cgi?db=el&amp;db_id=4561&amp;comment_code=&amp;element=Mg&amp;spectr_charge=1&amp;ref=4561&amp;type=
20.242,20.242,"g,a",,,0.000,-,494 020,2p63s2,1S,0,2p<sup>5</sup>(<sup>2</sup>P°)3s3p(<sup>3</sup>P°)4p?,°,1,,,https://physics.nist.gov/cgi-bin/ASBib1/get_ASBib_ref.cgi?db=el&amp;db_id=4561&amp;comment_code=&amp;element=Mg&amp;spectr_charge=1&amp;ref=4561&amp;type=
20.275,20.275,"g,a",,,0.000,-,493 220,2p63s2,1S,0,2p<sup>5</sup>(<sup>2</sup>P°)3s3p(<sup>3</sup>P°) (<sup>2</sup>S<sub>1/2</sub>)4p?,°,1,,,https://physics.nist.gov/cgi-bin/ASBib1/get_ASBib_ref.cgi?db=el&amp;db_id=4561&amp;comment_code=&amp;element=Mg&amp;spectr_charge=1&amp;ref=4561&amp;type=
20.329,20.329,"g,a",,,0.000,-,491 910,2p63s2,1S,0,2p<sup>5</sup>(<sup>2</sup>P°)3s3p(<sup>3</sup>P°) (<sup>2</sup>S<sub>1/2</sub>)4p?,°,1,,,https://physics.nist.gov/cgi-bin/ASBib1/get_ASBib_ref.cgi?db=el&amp;db_id=4561&amp;comment_code=&amp;element=Mg&amp;spectr_charge=1&amp;ref=4561&amp;type=
20.434,20.434,"g,a",,,0.000,-,489 380,2p63s2,1S,0,2p<sup>5</sup>(<sup>2</sup>P°)3s3p(<sup>3</sup>P°) (<sup>2</sup>P<sub>3/2</sub>)4p?,°,1,,,https://physics.nist.gov/cgi-bin/ASBib1/get_ASBib_ref.cgi?db=el&amp;db_id=4561&amp;comment_code=&amp;element=Mg&amp;spectr_charge=1&amp;ref=4561&amp;type=
21.000,21.000,"g,a",,,0.000,-,476 190,2p63s2,1S,0,2p<sup>5</sup>(<sup>2</sup>P°)3s3p<sup>2</sup>(<sup>2</sup>P),1P°,1,,,https://physics.nist.gov/cgi-bin/ASBib1/get_ASBib_ref.cgi?db=el&amp;db_id=4561&amp;comment_code=&amp;element=Mg&amp;spectr_charge=1&amp;ref=4561&amp;type=
21.352,21.352,"g,a",,,0.000,-,468 340,2p63s2,1S,0,2p<sup>5</sup>(<sup>2</sup>P°)3s3p<sup>2</sup>(<sup>2</sup>S),1P°,1,,,https://physics.nist.gov/cgi-bin/ASBib1/get_ASBib_ref.cgi?db=el&amp;db_id=4561&amp;comment_code=&amp;element=Mg&amp;spectr_charge=1&amp;ref=4561&amp;type=
21.5311,21.5299,"g,a",,,0.000,-,464 470,2p63s2,1S,0,2p<sup>5</sup>(<sup>2</sup>P°<sub>1/2</sub>)3s<sup>2</sup>8d?,2[3/2]°?,1,,,https://physics.nist.gov/cgi-bin/ASBib1/get_ASBib_ref.cgi?db=el&amp;db_id=1184&amp;comment_code=&amp;element=Mg&amp;spectr_charge=1&amp;ref=1184&amp;type=
21.5447,21.5448,"g,a",,,0.000,-,464 150,2p63s2,1S,0,2p<sup>5</sup>(<sup>2</sup>P°<sub>1/2</sub>)3s<sup>2</sup>9s<sub>1/2</sub>?,"(1/2,1/2)°?",1,,,https://physics.nist.gov/cgi-bin/ASBib1/get_ASBib_ref.cgi?db=el&amp;db_id=1184&amp;comment_code=&amp;element=Mg&amp;spectr_charge=1&amp;ref=1184&amp;type=
21.6202,21.6202,"g,a",,,0.000,-,462 530,2p63s2,1S,0,2p<sup>5</sup>(<sup>2</sup>P°<sub>1/2</sub>)3s<sup>2</sup>6d,2[3/2]°,1,,,https://physics.nist.gov/cgi-bin/ASBib1/get_ASBib_ref.cgi?db=el&amp;db_id=1184&amp;comment_code=&amp;element=Mg&amp;spectr_charge=1&amp;ref=1184&amp;type=
21.6357,21.6371,"g,a",,,0.000,-,462 170,2p63s2,1S,0,2p<sup>5</sup>(<sup>2</sup>P°<sub>1/2</sub>)3s<sup>2</sup>7s<sub>1/2</sub>,"(1/2,1/2)°",1,,,https://physics.nist.gov/cgi-bin/ASBib1/get_ASBib_ref.cgi?db=el&amp;db_id=1184&amp;comment_code=&amp;element=Mg&amp;spectr_charge=1&amp;ref=1184&amp;type=
21.6688,21.6694,"g,a",,,0.000,-,461 480,2p63s2,1S,0,2p<sup>5</sup>(<sup>2</sup>P°<sub>3/2</sub>)3s<sup>2</sup>7d,2[3/2]°,1,,,https://physics.nist.gov/cgi-bin/ASBib1/get_ASBib_ref.cgi?db=el&amp;db_id=1184&amp;comment_code=&amp;element=Mg&amp;spectr_charge=1&amp;ref=1184&amp;type=
21.7208,21.7212,*,,,0.000,-,460 380,2p63s2,1S,0,2p<sup>5</sup>(<sup>2</sup>P°<sub>1/2</sub>)3s<sup>2</sup>5d,2[3/2]°,1,,,https://physics.nist.gov/cgi-bin/ASBib1/get_ASBib_ref.cgi?db=el&amp;db_id=1184&amp;comment_code=&amp;element=Mg&amp;spectr_charge=1&amp;ref=1184&amp;type=
21.7208,21.7212,"g,a*",,,0.000,-,460 380,2p63s2,1S,0,2p<sup>5</sup>(<sup>2</sup>P°<sub>3/2</sub>)3s<sup>2</sup>6d,2[3/2]°,1,,,https://physics.nist.gov/cgi-bin/ASBib1/get_ASBib_ref.cgi?db=el&amp;db_id=1184&amp;comment_code=&amp;element=Mg&amp;spectr_charge=1&amp;ref=1184&amp;type=
21.737,21.7368,"g,a",,,0.000,-,460 050,2p63s2,1S,0,2p<sup>5</sup>(<sup>2</sup>P°<sub>1/2</sub>)3s<sup>2</sup>6s<sub>1/2</sub>,"(1/2,1/2)°",1,,,https://physics.nist.gov/cgi-bin/ASBib1/get_ASBib_ref.cgi?db=el&amp;db_id=2781&amp;comment_code=&amp;element=Mg&amp;spectr_charge=1&amp;ref=2781&amp;type=
21.8222,21.8221,"g,a*",,,0.000,-,458 250,2p63s2,1S,0,2p<sup>5</sup>(<sup>2</sup>P°<sub>3/2</sub>)3s<sup>2</sup>5d,2[1/2]°,1,,,https://physics.nist.gov/cgi-bin/ASBib1/get_ASBib_ref.cgi?db=el&amp;db_id=1184&amp;comment_code=&amp;element=Mg&amp;spectr_charge=1&amp;ref=1184&amp;type=
21.8222,21.8221,"g,a*",,,0.000,-,458 250,2p63s2,1S,0,2p<sup>5</sup>(<sup>2</sup>P°<sub>3/2</sub>)3s<sup>2</sup>5d,2[3/2]°,1,,,https://physics.nist.gov/cgi-bin/ASBib1/get_ASBib_ref.cgi?db=el&amp;db_id=1184&amp;comment_code=&amp;element=Mg&amp;spectr_charge=1&amp;ref=1184&amp;type=
21.837,21.8369,"g,a",,,0.000,-,457 940,2p63s2,1S,0,2p<sup>5</sup>(<sup>2</sup>P°<sub>3/2</sub>)3s<sup>2</sup>6s<sub>1/2</sub>,"(3/2,1/2)°",1,,,https://physics.nist.gov/cgi-bin/ASBib1/get_ASBib_ref.cgi?db=el&amp;db_id=4561&amp;comment_code=&amp;element=Mg&amp;spectr_charge=1&amp;ref=4561&amp;type=
21.9041,21.9039,"g,a",,,0.000,-,456 540,2p63s2,1S,0,2p<sup>5</sup>(<sup>2</sup>P°<sub>1/2</sub>)3s<sup>2</sup>4d,2[3/2]°,1,,,https://physics.nist.gov/cgi-bin/ASBib1/get_ASBib_ref.cgi?db=el&amp;db_id=1184&amp;comment_code=&amp;element=Mg&amp;spectr_charge=1&amp;ref=1184&amp;type=
21.9266,21.9269,"g,a",,,0.000,-,456 060,2p63s2,1S,0,2p<sup>5</sup>(<sup>2</sup>P°<sub>1/2</sub>)3s<sup>2</sup>5s<sub>1/2</sub>,"(1/2,1/2)°",1,,,https://physics.nist.gov/cgi-bin/ASBib1/get_ASBib_ref.cgi?db=el&amp;db_id=1184&amp;comment_code=&amp;element=Mg&amp;spectr_charge=1&amp;ref=1184&amp;type=
22.0056,22.0056,"g,a",,,0.000,-,454 430,2p63s2,1S,0,2p<sup>5</sup>(<sup>2</sup>P°<sub>3/2</sub>)3s<sup>2</sup>4d,2[3/2]°?,1,,,https://physics.nist.gov/cgi-bin/ASBib1/get_ASBib_ref.cgi?db=el&amp;db_id=1184&amp;comment_code=&amp;element=Mg&amp;spectr_charge=1&amp;ref=1184&amp;type=
22.0298,22.0308,"g,a",,,0.000,-,453 910,2p63s2,1S,0,2p<sup>5</sup>(<sup>2</sup>P°<sub>3/2</sub>)3s<sup>2</sup>5s<sub>1/2</sub>,"(3/2,1/2)°",1,,,https://physics.nist.gov/cgi-bin/ASBib1/get_ASBib_ref.cgi?db=el&amp;db_id=1184&amp;comment_code=&amp;element=Mg&amp;spectr_charge=1&amp;ref=1184&amp;type=
22.2044,22.2040,"g,a",,,0.000,-,450 370,2p63s2,1S,0,2p<sup>5</sup>(<sup>2</sup>P°<sub>1/2</sub>)3s<sup>2</sup>3d,2[3/2]°,1,,,https://physics.nist.gov/cgi-bin/ASBib1/get_ASBib_ref.cgi?db=el&amp;db_id=1184&amp;comment_code=&amp;element=Mg&amp;spectr_charge=1&amp;ref=1184&amp;type=
22.2685,22.2682,"g,a",,,0.000,-,449 070,2p63s2,1S,0,2p<sup>5</sup>(<sup>2</sup>P°)3s3p<sup>2</sup>(<sup>2</sup>D),1P°,1,,,https://physics.nist.gov/cgi-bin/ASBib1/get_ASBib_ref.cgi?db=el&amp;db_id=1184&amp;comment_code=&amp;element=Mg&amp;spectr_charge=1&amp;ref=1184&amp;type=
22.3429,22.3429,"g,a*",,,0.000,-,447 570,2p63s2,1S,0,2p<sup>5</sup>(<sup>2</sup>P°<sub>3/2</sub>)3s<sup>2</sup>3d,2[1/2]°,1,,,https://physics.nist.gov/cgi-bin/ASBib1/get_ASBib_ref.cgi?db=el&amp;db_id=1184&amp;comment_code=&amp;element=Mg&amp;spectr_charge=1&amp;ref=1184&amp;type=
22.3429,22.3429,"g,a*",,,0.000,-,447 570,2p63s2,1S,0,2p<sup>5</sup>(<sup>2</sup>P°<sub>3/2</sub>)3s<sup>2</sup>3d,2[3/2]°,1,,,https://physics.nist.gov/cgi-bin/ASBib1/get_ASBib_ref.cgi?db=el&amp;db_id=1184&amp;comment_code=&amp;element=Mg&amp;spectr_charge=1&amp;ref=1184&amp;type=
22.5162,22.5159,"g,a",,,0.000,-,444 130,2p63s2,1S,0,2p<sup>5</sup>(<sup>2</sup>P°<sub>1/2</sub>)3s<sup>2</sup>4s<sub>1/2</sub>,"(1/2,1/2)°",1,,,https://physics.nist.gov/cgi-bin/ASBib1/get_ASBib_ref.cgi?db=el&amp;db_id=1184&amp;comment_code=&amp;element=Mg&amp;spectr_charge=1&amp;ref=1184&amp;type=
22.5589,22.5581,"g,a",,,0.000,-,443 300,2p63s2,1S,0,2p<sup>5</sup>(<sup>2</sup>P°)3s3p<sup>2</sup>(<sup>4</sup>P),3P°,1,,,https://physics.nist.gov/cgi-bin/ASBib1/get_ASBib_ref.cgi?db=el&amp;db_id=1184&amp;comment_code=&amp;element=Mg&amp;spectr_charge=1&amp;ref=1184&amp;type=
22.6246,22.6244,"g,a",,,0.000,-,442 000,2p63s2,1S,0,2p<sup>5</sup>(<sup>2</sup>P°<sub>3/2</sub>)3s<sup>2</sup>4s<sub>1/2</sub>,"(3/2,1/2)°",1,,,https://physics.nist.gov/cgi-bin/ASBib1/get_ASBib_ref.cgi?db=el&amp;db_id=1184&amp;comment_code=&amp;element=Mg&amp;spectr_charge=1&amp;ref=1184&amp;type=
78.294,78.296,"g,a",,,0.000,-,127 720,2p63s2,1S,0,4s7p,1P°,1,,,https://physics.nist.gov/cgi-bin/ASBib1/get_ASBib_ref.cgi?db=el&amp;db_id=4462&amp;comment_code=&amp;element=Mg&amp;spectr_charge=1&amp;ref=4462&amp;type=
79.410,79.409,"g,a",,,0.000,-,125 930,2p63s2,1S,0,4s6p,1P°,1,,,https://physics.nist.gov/cgi-bin/ASBib1/get_ASBib_ref.cgi?db=el&amp;db_id=4462&amp;comment_code=&amp;element=Mg&amp;spectr_charge=1&amp;ref=4462&amp;type=
81.338,81.340,"g,a",,,0.000,-,122 940,2p63s2,1S,0,4s5p,1P°,1,,,https://physics.nist.gov/cgi-bin/ASBib1/get_ASBib_ref.cgi?db=el&amp;db_id=4462&amp;comment_code=&amp;element=Mg&amp;spectr_charge=1&amp;ref=4462&amp;type=
87.446,87.443,"g,a",,,0.000,-,114 360,2p63s2,1S,0,4s4p,1P°,1,,,https://physics.nist.gov/cgi-bin/ASBib1/get_ASBib_ref.cgi?db=el&amp;db_id=4462&amp;comment_code=&amp;element=Mg&amp;spectr_charge=1&amp;ref=4462&amp;type=
103.696,103.696,"g,a",,,0.000,-,96 436,2p63s2,1S,0,3p12s,1P°,1,,,https://physics.nist.gov/cgi-bin/ASBib1/get_ASBib_ref.cgi?db=el&amp;db_id=4462&amp;comment_code=&amp;element=Mg&amp;spectr_charge=1&amp;ref=4462&amp;type=
103.792,103.793,"g,a",,,0.000,-,96 346,2p63s2,1S,0,3p10d,1P°,1,,,https://physics.nist.gov/cgi-bin/ASBib1/get_ASBib_ref.cgi?db=el&amp;db_id=4462&amp;comment_code=&amp;element=Mg&amp;spectr_charge=1&amp;ref=4462&amp;type=
103.950,103.950,"g,a",,,0.000,-,96 200,2p63s2,1S,0,3p11s,1P°,1,,,https://physics.nist.gov/cgi-bin/ASBib1/get_ASBib_ref.cgi?db=el&amp;db_id=4462&amp;comment_code=&amp;element=Mg&amp;spectr_charge=1&amp;ref=4462&amp;type=
104.070,104.070,"g,a",,,0.000,-,96 089,2p63s2,1S,0,3p9d,1P°,1,,,https://physics.nist.gov/cgi-bin/ASBib1/get_ASBib_ref.cgi?db=el&amp;db_id=4462&amp;comment_code=&amp;element=Mg&amp;spectr_charge=1&amp;ref=4462&amp;type=
104.281,104.281,"g,a",,,0.000,-,95 895,2p63s2,1S,0,3p10s,1P°,1,,,https://physics.nist.gov/cgi-bin/ASBib1/get_ASBib_ref.cgi?db=el&amp;db_id=4462&amp;comment_code=&amp;element=Mg&amp;spectr_charge=1&amp;ref=4462&amp;type=
104.454,104.454,"g,a",,,0.000,-,95 736,2p63s2,1S,0,3p8d,1P°,1,,,https://physics.nist.gov/cgi-bin/ASBib1/get_ASBib_ref.cgi?db=el&amp;db_id=4462&amp;comment_code=&amp;element=Mg&amp;spectr_charge=1&amp;ref=4462&amp;type=
104.777,104.778,"g,a",,,0.000,-,95 440,2p63s2,1S,0,3p9s,1P°,1,,,https://physics.nist.gov/cgi-bin/ASBib1/get_ASBib_ref.cgi?db=el&amp;db_id=4462&amp;comment_code=&amp;element=Mg&amp;spectr_charge=1&amp;ref=4462&amp;type=
104.874,104.875,"g,a",,,0.000,-,95 352,2p63s2,1S,0,3p9s,3P°,1,,,https://physics.nist.gov/cgi-bin/ASBib1/get_ASBib_ref.cgi?db=el&amp;db_id=4462&amp;comment_code=&amp;element=Mg&amp;spectr_charge=1&amp;ref=4462&amp;type=
105.017,105.017,"g,a",,,0.000,-,95 223,2p63s2,1S,0,3p7d,1P°,1,,,https://physics.nist.gov/cgi-bin/ASBib1/get_ASBib_ref.cgi?db=el&amp;db_id=4462&amp;comment_code=&amp;element=Mg&amp;spectr_charge=1&amp;ref=4462&amp;type=
105.518,105.519,"g,a",,,0.000,-,94 770,2p63s2,1S,0,3p8s,1P°,1,,,https://physics.nist.gov/cgi-bin/ASBib1/get_ASBib_ref.cgi?db=el&amp;db_id=4462&amp;comment_code=&amp;element=Mg&amp;spectr_charge=1&amp;ref=4462&amp;type=
105.653,105.652,"g,a",,,0.000,-,94 650,2p63s2,1S,0,3p8s,3P°,1,,,https://physics.nist.gov/cgi-bin/ASBib1/get_ASBib_ref.cgi?db=el&amp;db_id=4462&amp;comment_code=&amp;element=Mg&amp;spectr_charge=1&amp;ref=4462&amp;type=
105.910,105.910,"g,a",,,0.000,-,94 420,2p63s2,1S,0,3p6d,1P°,1,,,https://physics.nist.gov/cgi-bin/ASBib1/get_ASBib_ref.cgi?db=el&amp;db_id=4462&amp;comment_code=&amp;element=Mg&amp;spectr_charge=1&amp;ref=4462&amp;type=
106.744,106.746,"g,a",,,0.000,-,93 680,2p63s2,1S,0,3p7s,1P°,1,,,https://physics.nist.gov/cgi-bin/ASBib1/get_ASBib_ref.cgi?db=el&amp;db_id=4462&amp;comment_code=&amp;element=Mg&amp;spectr_charge=1&amp;ref=4462&amp;type=
106.911,106.906,"g,a",,,0.000,-,93 540,2p63s2,1S,0,3p7s,3P°,1,,,https://physics.nist.gov/cgi-bin/ASBib1/get_ASBib_ref.cgi?db=el&amp;db_id=4462&amp;comment_code=&amp;element=Mg&amp;spectr_charge=1&amp;ref=4462&amp;type=
107.351,107.351,"g,a",,,0.000,-,93 152,2p63s2,1S,0,3p5d,1P°,1,,,https://physics.nist.gov/cgi-bin/ASBib1/get_ASBib_ref.cgi?db=el&amp;db_id=4462&amp;comment_code=&amp;element=Mg&amp;spectr_charge=1&amp;ref=4462&amp;type=
108.890,108.885,"g,a",,,0.000,-,91 840,2p63s2,1S,0,3p6s,1P°,1,,,https://physics.nist.gov/cgi-bin/ASBib1/get_ASBib_ref.cgi?db=el&amp;db_id=4462&amp;comment_code=&amp;element=Mg&amp;spectr_charge=1&amp;ref=4462&amp;type=
109.151,109.146,"g,a",,,0.000,-,91 620,2p63s2,1S,0,3p6s,3P°,1,,,https://physics.nist.gov/cgi-bin/ASBib1/get_ASBib_ref.cgi?db=el&amp;db_id=4462&amp;comment_code=&amp;element=Mg&amp;spectr_charge=1&amp;ref=4462&amp;type=
110.160,110.160,"g,a",,,0.000,-,90 777,2p63s2,1S,0,3p4d,1P°,1,,,https://physics.nist.gov/cgi-bin/ASBib1/get_ASBib_ref.cgi?db=el&amp;db_id=4462&amp;comment_code=&amp;element=Mg&amp;spectr_charge=1&amp;ref=4462&amp;type=
113.558,113.559,"g,a",,,0.000,-,88 060,2p63s2,1S,0,3p5s,1P°,1,,,https://physics.nist.gov/cgi-bin/ASBib1/get_ASBib_ref.cgi?db=el&amp;db_id=4462&amp;comment_code=&amp;element=Mg&amp;spectr_charge=1&amp;ref=4462&amp;type=
114.185,114.181,"g,a",,,0.000,-,87 580,2p63s2,1S,0,3p5s,3P°,1,,,https://physics.nist.gov/cgi-bin/ASBib1/get_ASBib_ref.cgi?db=el&amp;db_id=4462&amp;comment_code=&amp;element=Mg&amp;spectr_charge=1&amp;ref=4462&amp;type=
116.380,116.381,"g,a",,,0.000,-,85 925,2p63s2,1S,0,3p3d,1P°,1,,,https://physics.nist.gov/cgi-bin/ASBib1/get_ASBib_ref.cgi?db=el&amp;db_id=4462&amp;comment_code=&amp;element=Mg&amp;spectr_charge=1&amp;ref=4462&amp;type=
127.134,127.129,"g,a",,,0.000,-,78 660,2p63s2,1S,0,3p4s,1P°,1,,,https://physics.nist.gov/cgi-bin/ASBib1/get_ASBib_ref.cgi?db=el&amp;db_id=4462&amp;comment_code=&amp;element=Mg&amp;spectr_charge=1&amp;ref=4462&amp;type=
129.975,129.971,"g,a",,,0.000,-,76 940,2p63s2,1S,0,3p4s,3P°,1,,,https://physics.nist.gov/cgi-bin/ASBib1/get_ASBib_ref.cgi?db=el&amp;db_id=4462&amp;comment_code=&amp;element=Mg&amp;spectr_charge=1&amp;ref=4462&amp;type=
162.2363,162.2363,"g,a",,,0.000,-,61 638.48,2p63s2,1S,0,3s59p,1P°,1,,,https://physics.nist.gov/cgi-bin/ASBib1/get_ASBib_ref.cgi?db=el&amp;db_id=2195&amp;comment_code=&amp;element=Mg&amp;spectr_charge=1&amp;ref=2195&amp;type=
162.2395,162.2395,"g,a",,,0.000,-,61 637.27,2p63s2,1S,0,3s58p,1P°,1,,,https://physics.nist.gov/cgi-bin/ASBib1/get_ASBib_ref.cgi?db=el&amp;db_id=2195&amp;comment_code=&amp;element=Mg&amp;spectr_charge=1&amp;ref=2195&amp;type=
162.2423,162.2423,"g,a",,,0.000,-,61 636.20,2p63s2,1S,0,3s57p,1P°,1,,,https://physics.nist.gov/cgi-bin/ASBib1/get_ASBib_ref.cgi?db=el&amp;db_id=2195&amp;comment_code=&amp;element=Mg&amp;spectr_charge=1&amp;ref=2195&amp;type=
162.2458,162.2458,"g,a",,,0.000,-,61 634.87,2p63s2,1S,0,3s56p,1P°,1,,,https://physics.nist.gov/cgi-bin/ASBib1/get_ASBib_ref.cgi?db=el&amp;db_id=2195&amp;comment_code=&amp;element=Mg&amp;spectr_charge=1&amp;ref=2195&amp;type=
162.2496,162.2496,"g,a",,,0.000,-,61 633.43,2p63s2,1S,0,3s55p,1P°,1,,,https://physics.nist.gov/cgi-bin/ASBib1/get_ASBib_ref.cgi?db=el&amp;db_id=2195&amp;comment_code=&amp;element=Mg&amp;spectr_charge=1&amp;ref=2195&amp;type=
162.2534,162.2534,"g,a",,,0.000,-,61 631.99,2p63s2,1S,0,3s54p,1P°,1,,,https://physics.nist.gov/cgi-bin/ASBib1/get_ASBib_ref.cgi?db=el&amp;db_id=2195&amp;comment_code=&amp;element=Mg&amp;spectr_charge=1&amp;ref=2195&amp;type=
162.2571,162.2571,"g,a",,,0.000,-,61 630.60,2p63s2,1S,0,3s53p,1P°,1,,,https://physics.nist.gov/cgi-bin/ASBib1/get_ASBib_ref.cgi?db=el&amp;db_id=2195&amp;comment_code=&amp;element=Mg&amp;spectr_charge=1&amp;ref=2195&amp;type=
162.2614,162.2614,"g,a",,,0.000,-,61 628.94,2p63s2,1S,0,3s52p,1P°,1,,,https://physics.nist.gov/cgi-bin/ASBib1/get_ASBib_ref.cgi?db=el&amp;db_id=2195&amp;comment_code=&amp;element=Mg&amp;spectr_charge=1&amp;ref=2195&amp;type=
162.2661,162.2661,"g,a",,,0.000,-,61 627.17,2p63s2,1S,0,3s51p,1P°,1,,,https://physics.nist.gov/cgi-bin/ASBib1/get_ASBib_ref.cgi?db=el&amp;db_id=2195&amp;comment_code=&amp;element=Mg&amp;spectr_charge=1&amp;ref=2195&amp;type=
162.2706,162.2706,"g,a",,,0.000,-,61 625.45,2p63s2,1S,0,3s50p,1P°,1,,,https://physics.nist.gov/cgi-bin/ASBib1/get_ASBib_ref.cgi?db=el&amp;db_id=2195&amp;comment_code=&amp;element=Mg&amp;spectr_charge=1&amp;ref=2195&amp;type=
162.2758,162.2758,"g,a",,,0.000,-,61 623.49,2p63s2,1S,0,3s49p,1P°,1,,,https://physics.nist.gov/cgi-bin/ASBib1/get_ASBib_ref.cgi?db=el&amp;db_id=2195&amp;comment_code=&amp;element=Mg&amp;spectr_charge=1&amp;ref=2195&amp;type=
162.2812,162.2812,"g,a",,,0.000,-,61 621.43,2p63s2,1S,0,3s48p,1P°,1,,,https://physics.nist.gov/cgi-bin/ASBib1/get_ASBib_ref.cgi?db=el&amp;db_id=2195&amp;comment_code=&amp;element=Mg&amp;spectr_charge=1&amp;ref=2195&amp;type=
162.2870,162.2870,"g,a",,,0.000,-,61 619.23,2p63s2,1S,0,3s47p,1P°,1,,,https://physics.nist.gov/cgi-bin/ASBib1/get_ASBib_ref.cgi?db=el&amp;db_id=2195&amp;comment_code=&amp;element=Mg&amp;spectr_charge=1&amp;ref=2195&amp;type=
162.2932,162.2932,"g,a",,,0.000,-,61 616.88,2p63s2,1S,0,3s46p,1P°,1,,,https://physics.nist.gov/cgi-bin/ASBib1/get_ASBib_ref.cgi?db=el&amp;db_id=2195&amp;comment_code=&amp;element=Mg&amp;spectr_charge=1&amp;ref=2195&amp;type=
162.2997,162.2997,"g,a",,,0.000,-,61 614.40,2p63s2,1S,0,3s45p,1P°,1,,,https://physics.nist.gov/cgi-bin/ASBib1/get_ASBib_ref.cgi?db=el&amp;db_id=2195&amp;comment_code=&amp;element=Mg&amp;spectr_charge=1&amp;ref=2195&amp;type=
162.3069,162.3069,"g,a",,,0.000,-,61 611.67,2p63s2,1S,0,3s44p,1P°,1,,,https://physics.nist.gov/cgi-bin/ASBib1/get_ASBib_ref.cgi?db=el&amp;db_id=2195&amp;comment_code=&amp;element=Mg&amp;spectr_charge=1&amp;ref=2195&amp;type=
162.3143,162.3143,"g,a",,,0.000,-,61 608.86,2p63s2,1S,0,3s43p,1P°,1,,,https://physics.nist.gov/cgi-bin/ASBib1/get_ASBib_ref.cgi?db=el&amp;db_id=2195&amp;comment_code=&amp;element=Mg&amp;spectr_charge=1&amp;ref=2195&amp;type=
162.3225,162.3225,"g,a",,,0.000,-,61 605.74,2p63s2,1S,0,3s42p,1P°,1,,,https://physics.nist.gov/cgi-bin/ASBib1/get_ASBib_ref.cgi?db=el&amp;db_id=2195&amp;comment_code=&amp;element=Mg&amp;spectr_charge=1&amp;ref=2195&amp;type=
162.3312,162.3312,"g,a",,,0.000,-,61 602.44,2p63s2,1S,0,3s41p,1P°,1,,,https://physics.nist.gov/cgi-bin/ASBib1/get_ASBib_ref.cgi?db=el&amp;db_id=2195&amp;comment_code=&amp;element=Mg&amp;spectr_charge=1&amp;ref=2195&amp;type=
162.3406,162.3406,"g,a",,,0.000,-,61 598.87,2p63s2,1S,0,3s40p,1P°,1,,,https://physics.nist.gov/cgi-bin/ASBib1/get_ASBib_ref.cgi?db=el&amp;db_id=2195&amp;comment_code=&amp;element=Mg&amp;spectr_charge=1&amp;ref=2195&amp;type=
162.3508,162.3508,"g,a",,,0.000,-,61 595.02,2p63s2,1S,0,3s39p,1P°,1,,,https://physics.nist.gov/cgi-bin/ASBib1/get_ASBib_ref.cgi?db=el&amp;db_id=2195&amp;comment_code=&amp;element=Mg&amp;spectr_charge=1&amp;ref=2195&amp;type=
162.3619,162.3619,"g,a",,,0.000,-,61 590.82,2p63s2,1S,0,3s38p,1P°,1,,,https://physics.nist.gov/cgi-bin/ASBib1/get_ASBib_ref.cgi?db=el&amp;db_id=2195&amp;comment_code=&amp;element=Mg&amp;spectr_charge=1&amp;ref=2195&amp;type=
162.3737,162.3737,"g,a",,,0.000,-,61 586.33,2p63s2,1S,0,3s37p,1P°,1,,,https://physics.nist.gov/cgi-bin/ASBib1/get_ASBib_ref.cgi?db=el&amp;db_id=2195&amp;comment_code=&amp;element=Mg&amp;spectr_charge=1&amp;ref=2195&amp;type=
162.3868,162.3869,"g,a",,,0.000,-,61 581.34,2p63s2,1S,0,3s36p,1P°,1,,,https://physics.nist.gov/cgi-bin/ASBib1/get_ASBib_ref.cgi?db=el&amp;db_id=2195&amp;comment_code=&amp;element=Mg&amp;spectr_charge=1&amp;ref=2195&amp;type=
162.4010,162.4010,"g,a",,,0.000,-,61 575.99,2p63s2,1S,0,3s35p,1P°,1,,,https://physics.nist.gov/cgi-bin/ASBib1/get_ASBib_ref.cgi?db=el&amp;db_id=2195&amp;comment_code=&amp;element=Mg&amp;spectr_charge=1&amp;ref=2195&amp;type=
162.4165,162.4165,"g,a",,,0.000,-,61 570.11,2p63s2,1S,0,3s34p,1P°,1,,,https://physics.nist.gov/cgi-bin/ASBib1/get_ASBib_ref.cgi?db=el&amp;db_id=2195&amp;comment_code=&amp;element=Mg&amp;spectr_charge=1&amp;ref=2195&amp;type=
162.4334,162.4334,"g,a",,,0.000,-,61 563.68,2p63s2,1S,0,3s33p,1P°,1,,,https://physics.nist.gov/cgi-bin/ASBib1/get_ASBib_ref.cgi?db=el&amp;db_id=2195&amp;comment_code=&amp;element=Mg&amp;spectr_charge=1&amp;ref=2195&amp;type=
162.4520,162.4520,"g,a",,,0.000,-,61 556.63,2p63s2,1S,0,3s32p,1P°,1,,,https://physics.nist.gov/cgi-bin/ASBib1/get_ASBib_ref.cgi?db=el&amp;db_id=2195&amp;comment_code=&amp;element=Mg&amp;spectr_charge=1&amp;ref=2195&amp;type=
162.4727,162.4727,"g,a",,,0.000,-,61 548.81,2p63s2,1S,0,3s31p,1P°,1,,,https://physics.nist.gov/cgi-bin/ASBib1/get_ASBib_ref.cgi?db=el&amp;db_id=2195&amp;comment_code=&amp;element=Mg&amp;spectr_charge=1&amp;ref=2195&amp;type=
162.4953,162.4953,"g,a",,,0.000,-,61 540.26,2p63s2,1S,0,3s30p,1P°,1,,,https://physics.nist.gov/cgi-bin/ASBib1/get_ASBib_ref.cgi?db=el&amp;db_id=2195&amp;comment_code=&amp;element=Mg&amp;spectr_charge=1&amp;ref=2195&amp;type=
162.5204,162.5204,"g,a",,,0.000,-,61 530.73,2p63s2,1S,0,3s29p,1P°,1,,,https://physics.nist.gov/cgi-bin/ASBib1/get_ASBib_ref.cgi?db=el&amp;db_id=2195&amp;comment_code=&amp;element=Mg&amp;spectr_charge=1&amp;ref=2195&amp;type=
162.5485,162.5484,"g,a",,,0.000,-,61 520.12,2p63s2,1S,0,3s28p,1P°,1,,,https://physics.nist.gov/cgi-bin/ASBib1/get_ASBib_ref.cgi?db=el&amp;db_id=2195&amp;comment_code=&amp;element=Mg&amp;spectr_charge=1&amp;ref=2195&amp;type=
162.5798,162.5798,"g,a",,,0.000,-,61 508.24,2p63s2,1S,0,3s27p,1P°,1,,,https://physics.nist.gov/cgi-bin/ASBib1/get_ASBib_ref.cgi?db=el&amp;db_id=2195&amp;comment_code=&amp;element=Mg&amp;spectr_charge=1&amp;ref=2195&amp;type=
162.6151,162.6151,"g,a",,,0.000,-,61 494.90,2p63s2,1S,0,3s26p,1P°,1,,,https://physics.nist.gov/cgi-bin/ASBib1/get_ASBib_ref.cgi?db=el&amp;db_id=2195&amp;comment_code=&amp;element=Mg&amp;spectr_charge=1&amp;ref=2195&amp;type=
162.636,162.636,a,,,0.000,-,61 487,2p63s2,1S,0,3s25d,1D,2,E2,,https://physics.nist.gov/cgi-bin/ASBib1/get_ASBib_ref.cgi?db=el&amp;db_id=3454&amp;comment_code=&amp;element=Mg&amp;spectr_charge=1&amp;ref=3454&amp;type=E2
162.6549,162.6549,"g,a",,,0.000,-,61 479.87,2p63s2,1S,0,3s25p,1P°,1,,,https://physics.nist.gov/cgi-bin/ASBib1/get_ASBib_ref.cgi?db=el&amp;db_id=2195&amp;comment_code=&amp;element=Mg&amp;spectr_charge=1&amp;ref=2195&amp;type=
162.679,162.678,a,,,0.000,-,61 471,2p63s2,1S,0,3s24d,1D,2,E2,,https://physics.nist.gov/cgi-bin/ASBib1/get_ASBib_ref.cgi?db=el&amp;db_id=3454&amp;comment_code=&amp;element=Mg&amp;spectr_charge=1&amp;ref=3454&amp;type=E2
162.7000,162.7000,"g,a",,,0.000,-,61 462.82,2p63s2,1S,0,3s24p,1P°,1,,,https://physics.nist.gov/cgi-bin/ASBib1/get_ASBib_ref.cgi?db=el&amp;db_id=2195&amp;comment_code=&amp;element=Mg&amp;spectr_charge=1&amp;ref=2195&amp;type=
162.727,162.729,a,,,0.000,-,61 452,2p63s2,1S,0,3s23d,1D,2,E2,,https://physics.nist.gov/cgi-bin/ASBib1/get_ASBib_ref.cgi?db=el&amp;db_id=3454&amp;comment_code=&amp;element=Mg&amp;spectr_charge=1&amp;ref=3454&amp;type=E2
162.7514,162.7514,"g,a",,,0.000,-,61 443.41,2p63s2,1S,0,3s23p,1P°,1,,,https://physics.nist.gov/cgi-bin/ASBib1/get_ASBib_ref.cgi?db=el&amp;db_id=2195&amp;comment_code=&amp;element=Mg&amp;spectr_charge=1&amp;ref=2195&amp;type=
162.782,162.782,a,,,0.000,-,61 432,2p63s2,1S,0,3s22d,1D,2,E2,,https://physics.nist.gov/cgi-bin/ASBib1/get_ASBib_ref.cgi?db=el&amp;db_id=3454&amp;comment_code=&amp;element=Mg&amp;spectr_charge=1&amp;ref=3454&amp;type=E2
162.8104,162.8104,"g,a",,,0.000,-,61 421.14,2p63s2,1S,0,3s22p,1P°,1,,,https://physics.nist.gov/cgi-bin/ASBib1/get_ASBib_ref.cgi?db=el&amp;db_id=2195&amp;comment_code=&amp;element=Mg&amp;spectr_charge=1&amp;ref=2195&amp;type=
162.846,162.848,a,,,0.000,-,61 407,2p63s2,1S,0,3s21d,1D,2,E2,,https://physics.nist.gov/cgi-bin/ASBib1/get_ASBib_ref.cgi?db=el&amp;db_id=3454&amp;comment_code=&amp;element=Mg&amp;spectr_charge=1&amp;ref=3454&amp;type=E2
162.8786,162.8786,"g,a",,,0.000,-,61 395.43,2p63s2,1S,0,3s21p,1P°,1,,,https://physics.nist.gov/cgi-bin/ASBib1/get_ASBib_ref.cgi?db=el&amp;db_id=2195&amp;comment_code=&amp;element=Mg&amp;spectr_charge=1&amp;ref=2195&amp;type=
162.921,162.922,a,,,0.000,-,61 379.2,2p63s2,1S,0,3s20d,1D,2,E2,,https://physics.nist.gov/cgi-bin/ASBib1/get_ASBib_ref.cgi?db=el&amp;db_id=3454&amp;comment_code=&amp;element=Mg&amp;spectr_charge=1&amp;ref=3454&amp;type=E2
162.9579,162.9579,"g,a",,,0.000,-,61 365.55,2p63s2,1S,0,3s20p,1P°,1,,,https://physics.nist.gov/cgi-bin/ASBib1/get_ASBib_ref.cgi?db=el&amp;db_id=2195&amp;comment_code=&amp;element=Mg&amp;spectr_charge=1&amp;ref=2195&amp;type=
163.0509,163.0509,"g,a",,,0.000,-,61 330.55,2p63s2,1S,0,3s19p,1P°,1,,,https://physics.nist.gov/cgi-bin/ASBib1/get_ASBib_ref.cgi?db=el&amp;db_id=2195&amp;comment_code=&amp;element=Mg&amp;spectr_charge=1&amp;ref=2195&amp;type=
163.1609,163.1609,"g,a",,,0.000,-,61 289.19,2p63s2,1S,0,3s18p,1P°,1,,,https://physics.nist.gov/cgi-bin/ASBib1/get_ASBib_ref.cgi?db=el&amp;db_id=2195&amp;comment_code=&amp;element=Mg&amp;spectr_charge=1&amp;ref=2195&amp;type=
163.2924,163.2924,"g,a",,,0.000,-,61 239.83,2p63s2,1S,0,3s17p,1P°,1,,,https://physics.nist.gov/cgi-bin/ASBib1/get_ASBib_ref.cgi?db=el&amp;db_id=2195&amp;comment_code=&amp;element=Mg&amp;spectr_charge=1&amp;ref=2195&amp;type=
163.4515,163.4515,"g,a",,,0.000,-,61 180.24,2p63s2,1S,0,3s16p,1P°,1,,,https://physics.nist.gov/cgi-bin/ASBib1/get_ASBib_ref.cgi?db=el&amp;db_id=2195&amp;comment_code=&amp;element=Mg&amp;spectr_charge=1&amp;ref=2195&amp;type=
163.6465,163.6465,"g,a",,,0.000,-,61 107.34,2p63s2,1S,0,3s15p,1P°,1,,,https://physics.nist.gov/cgi-bin/ASBib1/get_ASBib_ref.cgi?db=el&amp;db_id=2195&amp;comment_code=&amp;element=Mg&amp;spectr_charge=1&amp;ref=2195&amp;type=
163.8890,163.8889,"g,a",,,0.000,-,61 016.93,2p63s2,1S,0,3s14p,1P°,1,,,https://physics.nist.gov/cgi-bin/ASBib1/get_ASBib_ref.cgi?db=el&amp;db_id=2195&amp;comment_code=&amp;element=Mg&amp;spectr_charge=1&amp;ref=2195&amp;type=
164.1957,164.1957,"g,a",,,0.000,-,60 902.93,2p63s2,1S,0,3s13p,1P°,1,,,https://physics.nist.gov/cgi-bin/ASBib1/get_ASBib_ref.cgi?db=el&amp;db_id=2195&amp;comment_code=&amp;element=Mg&amp;spectr_charge=1&amp;ref=2195&amp;type=
164.5924,164.5924,"g,a",,,0.000,-,60 756.13,2p63s2,1S,0,3s12p,1P°,1,,,https://physics.nist.gov/cgi-bin/ASBib1/get_ASBib_ref.cgi?db=el&amp;db_id=2195&amp;comment_code=&amp;element=Mg&amp;spectr_charge=1&amp;ref=2195&amp;type=
165.1164,165.1164,"g,a",,,0.000,-,60 563.35,2p63s2,1S,0,3s11p,1P°,1,,,https://physics.nist.gov/cgi-bin/ASBib1/get_ASBib_ref.cgi?db=el&amp;db_id=2195&amp;comment_code=&amp;element=Mg&amp;spectr_charge=1&amp;ref=2195&amp;type=
165.8312,165.8312,"g,a",,,0.000,-,60 302.30,2p63s2,1S,0,3s10p,1P°,1,,,https://physics.nist.gov/cgi-bin/ASBib1/get_ASBib_ref.cgi?db=el&amp;db_id=2195&amp;comment_code=&amp;element=Mg&amp;spectr_charge=1&amp;ref=2195&amp;type=
166.8429,166.84288,"g,a",,,0.000,-,59 936.63,2p63s2,1S,0,3s9p,1P°,1,,,https://physics.nist.gov/cgi-bin/ASBib1/get_ASBib_ref.cgi?db=el&amp;db_id=2195&amp;comment_code=&amp;element=Mg&amp;spectr_charge=1&amp;ref=2195&amp;type=
168.3412,168.34116,"g,a",1.88e+06,D+,0.000,-,59 403.18,2p63s2,1S,0,3s8p,1P°,1,,https://physics.nist.gov/cgi-bin/ASBib1/get_ASBib_ref.cgi?db=tp&amp;db_id=5539&amp;comment_code=&amp;element=Mg&amp;spectr_charge=1&amp;ref=5539&amp;type=,https://physics.nist.gov/cgi-bin/ASBib1/get_ASBib_ref.cgi?db=el&amp;db_id=2195&amp;comment_code=&amp;element=Mg&amp;spectr_charge=1&amp;ref=2195&amp;type=
170.7061,170.70606,"g,a",3.28e+06,D+,0.000,-,58 580.23,2p63s2,1S,0,3s7p,1P°,1,,https://physics.nist.gov/cgi-bin/ASBib1/get_ASBib_ref.cgi?db=tp&amp;db_id=5539&amp;comment_code=&amp;element=Mg&amp;spectr_charge=1&amp;ref=5539&amp;type=,https://physics.nist.gov/cgi-bin/ASBib1/get_ASBib_ref.cgi?db=el&amp;db_id=2195&amp;comment_code=&amp;element=Mg&amp;spectr_charge=1&amp;ref=2195&amp;type=
174.7794,174.77937,"g,a",6.62e+06,C+,0.000,-,57 214.992,2p63s2,1S,0,3s6p,1P°,1,,https://physics.nist.gov/cgi-bin/ASBib1/get_ASBib_ref.cgi?db=tp&amp;db_id=5539&amp;comment_code=&amp;element=Mg&amp;spectr_charge=1&amp;ref=5539&amp;type=,https://physics.nist.gov/cgi-bin/ASBib1/get_ASBib_ref.cgi?db=el&amp;db_id=2195&amp;comment_code=&amp;element=Mg&amp;spectr_charge=1&amp;ref=2195&amp;type=
182.7934,182.79351,"g,a",1.60e+07,B,0.000,-,54 706.536,2p63s2,1S,0,3s5p,1P°,1,,https://physics.nist.gov/cgi-bin/ASBib1/get_ASBib_ref.cgi?db=tp&amp;db_id=5539&amp;comment_code=&amp;element=Mg&amp;spectr_charge=1&amp;ref=5539&amp;type=,https://physics.nist.gov/cgi-bin/ASBib1/get_ASBib_ref.cgi?db=el&amp;db_id=535&amp;comment_code=&amp;element=Mg&amp;spectr_charge=1&amp;ref=535&amp;type=
202.5824,202.58242,9g,6.12e+07,B+,0.000,-,49 346.729,2p63s2,1S,0,3s4p,1P°,1,,https://physics.nist.gov/cgi-bin/ASBib1/get_ASBib_ref.cgi?db=tp&amp;db_id=&amp;comment_code=c45&amp;element=Mg&amp;spectr_charge=1&amp;ref=&amp;type=,https://physics.nist.gov/cgi-bin/ASBib1/get_ASBib_ref.cgi?db=el&amp;db_id=6095&amp;comment_code=&amp;element=Mg&amp;spectr_charge=1&amp;ref=6095&amp;type=
,208.4535,,7.24e-12,E,0.000,-,47 957.058,2p63s2,1S,0,3s3d,3D,1,M1,https://physics.nist.gov/cgi-bin/ASBib1/get_ASBib_ref.cgi?db=tp&amp;db_id=&amp;comment_code=c43&amp;element=Mg&amp;spectr_charge=1&amp;ref=&amp;type=M1,
,208.4537,,1.06e-03,C,0.000,-,47 957.027,2p63s2,1S,0,3s3d,3D,2,E2,https://physics.nist.gov/cgi-bin/ASBib1/get_ASBib_ref.cgi?db=tp&amp;db_id=&amp;comment_code=c43&amp;element=Mg&amp;spectr_charge=1&amp;ref=&amp;type=E2,
,208.9149,,2.69e+00,B+,0.000,-,47 851.162,2p63s2,1S,0,3s4p,3P°,2,M2,https://physics.nist.gov/cgi-bin/ASBib1/get_ASBib_ref.cgi?db=tp&amp;db_id=&amp;comment_code=c43&amp;element=Mg&amp;spectr_charge=1&amp;ref=&amp;type=M2,
,215.4353,,1.64e+03,A,0.000,-,46 403.065,2p63s2,1S,0,3s3d,1D,2,E2,https://physics.nist.gov/cgi-bin/ASBib1/get_ASBib_ref.cgi?db=tp&amp;db_id=&amp;comment_code=c43&amp;element=Mg&amp;spectr_charge=1&amp;ref=&amp;type=E2,
255.325,255.3256,4,,,21 850.405,-,61 004.33,3s3p,3P°,0,3s13d,3D,1,,,https://physics.nist.gov/cgi-bin/ASBib1/get_ASBib_ref.cgi?db=el&amp;db_id=4832&amp;comment_code=&amp;element=Mg&amp;spectr_charge=1&amp;ref=4832&amp;type=
255.458,255.4565,1d,,,21 870.464,-,61 004.33,3s3p,3P°,1,3s13d,3D,2,,,https://physics.nist.gov/cgi-bin/ASBib1/get_ASBib_ref.cgi?db=el&amp;db_id=4832&amp;comment_code=&amp;element=Mg&amp;spectr_charge=1&amp;ref=4832&amp;type=
255.7226,255.7226,0,,,21 911.178,-,61 004.33,3s3p,3P°,2,3s13d,3D,3,,,https://physics.nist.gov/cgi-bin/ASBib1/get_ASBib_ref.cgi?db=el&amp;db_id=6095&amp;comment_code=&amp;element=Mg&amp;spectr_charge=1&amp;ref=6095&amp;type=
256.0941,256.0942,0,,,21 850.405,-,60 886.83,3s3p,3P°,0,3s12d,3D,1,,,https://physics.nist.gov/cgi-bin/ASBib1/get_ASBib_ref.cgi?db=el&amp;db_id=6095&amp;comment_code=&amp;element=Mg&amp;spectr_charge=1&amp;ref=6095&amp;type=
256.2259,256.2259,1,,,21 870.464,-,60 886.83,3s3p,3P°,1,3s12d,3D,2,,,https://physics.nist.gov/cgi-bin/ASBib1/get_ASBib_ref.cgi?db=el&amp;db_id=6095&amp;comment_code=&amp;element=Mg&amp;spectr_charge=1&amp;ref=6095&amp;type=
256.4937,256.4936,1,,,21 911.178,-,60 886.83,3s3p,3P°,2,3s12d,3D,3,,,https://physics.nist.gov/cgi-bin/ASBib1/get_ASBib_ref.cgi?db=el&amp;db_id=6095&amp;comment_code=&amp;element=Mg&amp;spectr_charge=1&amp;ref=6095&amp;type=
257.0908,257.0917,0,,,21 850.405,-,60 735.38,3s3p,3P°,0,3s11d,3D,1,,,https://physics.nist.gov/cgi-bin/ASBib1/get_ASBib_ref.cgi?db=el&amp;db_id=6095&amp;comment_code=&amp;element=Mg&amp;spectr_charge=1&amp;ref=6095&amp;type=
257.2248,257.2244,1,,,21 870.464,-,60 735.38,3s3p,3P°,1,3s11d,3D,2,,,https://physics.nist.gov/cgi-bin/ASBib1/get_ASBib_ref.cgi?db=el&amp;db_id=6095&amp;comment_code=&amp;element=Mg&amp;spectr_charge=1&amp;ref=6095&amp;type=
257.4945,257.4942,2,,,21 911.178,-,60 735.38,3s3p,3P°,2,3s11d,3D,3,,,https://physics.nist.gov/cgi-bin/ASBib1/get_ASBib_ref.cgi?db=el&amp;db_id=6095&amp;comment_code=&amp;element=Mg&amp;spectr_charge=1&amp;ref=6095&amp;type=
257.7888,257.7877,0,,,21 870.464,-,60 650.46,3s3p,3P°,1,3s12s,3S,1,,,https://physics.nist.gov/cgi-bin/ASBib1/get_ASBib_ref.cgi?db=el&amp;db_id=6095&amp;comment_code=&amp;element=Mg&amp;spectr_charge=1&amp;ref=6095&amp;type=
258.0587,258.0587,1,,,21 911.178,-,60 650.46,3s3p,3P°,2,3s12s,3S,1,,,https://physics.nist.gov/cgi-bin/ASBib1/get_ASBib_ref.cgi?db=el&amp;db_id=6095&amp;comment_code=&amp;element=Mg&amp;spectr_charge=1&amp;ref=6095&amp;type=
258.4216,258.4212,1,,,21 850.405,-,60 535.34,3s3p,3P°,0,3s10d,3D,1,,,https://physics.nist.gov/cgi-bin/ASBib1/get_ASBib_ref.cgi?db=el&amp;db_id=6095&amp;comment_code=&amp;element=Mg&amp;spectr_charge=1&amp;ref=6095&amp;type=
258.5558,258.5553,2,,,21 870.464,-,60 535.34,3s3p,3P°,1,3s10d,3D,2,,,https://physics.nist.gov/cgi-bin/ASBib1/get_ASBib_ref.cgi?db=el&amp;db_id=6095&amp;comment_code=&amp;element=Mg&amp;spectr_charge=1&amp;ref=6095&amp;type=
258.8285,258.8279,3,,,21 911.178,-,60 535.34,3s3p,3P°,2,3s10d,3D,3,,,https://physics.nist.gov/cgi-bin/ASBib1/get_ASBib_ref.cgi?db=el&amp;db_id=6095&amp;comment_code=&amp;element=Mg&amp;spectr_charge=1&amp;ref=6095&amp;type=
259.1891,259.1882,0,,,21 850.405,-,60 420.87,3s3p,3P°,0,3s11s,3S,1,,,https://physics.nist.gov/cgi-bin/ASBib1/get_ASBib_ref.cgi?db=el&amp;db_id=6095&amp;comment_code=&amp;element=Mg&amp;spectr_charge=1&amp;ref=6095&amp;type=
259.3231,259.3231,1,,,21 870.464,-,60 420.87,3s3p,3P°,1,3s11s,3S,1,,,https://physics.nist.gov/cgi-bin/ASBib1/get_ASBib_ref.cgi?db=el&amp;db_id=6095&amp;comment_code=&amp;element=Mg&amp;spectr_charge=1&amp;ref=6095&amp;type=
259.5973,259.5973,2,,,21 911.178,-,60 420.87,3s3p,3P°,2,3s11s,3S,1,,,https://physics.nist.gov/cgi-bin/ASBib1/get_ASBib_ref.cgi?db=el&amp;db_id=6095&amp;comment_code=&amp;element=Mg&amp;spectr_charge=1&amp;ref=6095&amp;type=
260.2495,260.24956,2,,,21 850.405,-,60 263.583,3s3p,3P°,0,3s9d,3D,1,,,https://physics.nist.gov/cgi-bin/ASBib1/get_ASBib_ref.cgi?db=el&amp;db_id=6095&amp;comment_code=&amp;element=Mg&amp;spectr_charge=1&amp;ref=6095&amp;type=
260.3854,260.38554,4,,,21 870.464,-,60 263.583,3s3p,3P°,1,3s9d,3D,2,,,https://physics.nist.gov/cgi-bin/ASBib1/get_ASBib_ref.cgi?db=el&amp;db_id=6095&amp;comment_code=&amp;element=Mg&amp;spectr_charge=1&amp;ref=6095&amp;type=
260.6621,260.66197,5,,,21 911.178,-,60 263.583,3s3p,3P°,2,3s9d,3D,3,,,https://physics.nist.gov/cgi-bin/ASBib1/get_ASBib_ref.cgi?db=el&amp;db_id=6095&amp;comment_code=&amp;element=Mg&amp;spectr_charge=1&amp;ref=6095&amp;type=
261.3357,261.3353,1,,,21 850.405,-,60 104.00,3s3p,3P°,0,3s10s,3S,1,,,https://physics.nist.gov/cgi-bin/ASBib1/get_ASBib_ref.cgi?db=el&amp;db_id=6095&amp;comment_code=&amp;element=Mg&amp;spectr_charge=1&amp;ref=6095&amp;type=
261.4726,261.4724,2,,,21 870.464,-,60 104.00,3s3p,3P°,1,3s10s,3S,1,,,https://physics.nist.gov/cgi-bin/ASBib1/get_ASBib_ref.cgi?db=el&amp;db_id=6095&amp;comment_code=&amp;element=Mg&amp;spectr_charge=1&amp;ref=6095&amp;type=
261.7513,261.7512,3,,,21 911.178,-,60 104.00,3s3p,3P°,2,3s10s,3S,1,,,https://physics.nist.gov/cgi-bin/ASBib1/get_ASBib_ref.cgi?db=el&amp;db_id=6095&amp;comment_code=&amp;element=Mg&amp;spectr_charge=1&amp;ref=6095&amp;type=
262.8664,262.86644,3,,,21 850.405,-,59 881.196,3s3p,3P°,0,3s8d,3D,1,,,https://physics.nist.gov/cgi-bin/ASBib1/get_ASBib_ref.cgi?db=el&amp;db_id=6095&amp;comment_code=&amp;element=Mg&amp;spectr_charge=1&amp;ref=6095&amp;type=
263.0053,263.00527,6,,,21 870.464,-,59 881.181,3s3p,3P°,1,3s8d,3D,2,,,https://physics.nist.gov/cgi-bin/ASBib1/get_ASBib_ref.cgi?db=el&amp;db_id=6095&amp;comment_code=&amp;element=Mg&amp;spectr_charge=1&amp;ref=6095&amp;type=
263.2873,263.28739,8,,,21 911.178,-,59 881.168,3s3p,3P°,2,3s8d,3D,3,,,https://physics.nist.gov/cgi-bin/ASBib1/get_ASBib_ref.cgi?db=el&amp;db_id=6095&amp;comment_code=&amp;element=Mg&amp;spectr_charge=1&amp;ref=6095&amp;type=
264.4801,264.4803,2,,,21 850.405,-,59 649.15,3s3p,3P°,0,3s9s,3S,1,,,https://physics.nist.gov/cgi-bin/ASBib1/get_ASBib_ref.cgi?db=el&amp;db_id=6095&amp;comment_code=&amp;element=Mg&amp;spectr_charge=1&amp;ref=6095&amp;type=
264.6206,264.6207,3,,,21 870.464,-,59 649.15,3s3p,3P°,1,3s9s,3S,1,,,https://physics.nist.gov/cgi-bin/ASBib1/get_ASBib_ref.cgi?db=el&amp;db_id=6095&amp;comment_code=&amp;element=Mg&amp;spectr_charge=1&amp;ref=6095&amp;type=
264.9062,264.9062,4,,,21 911.178,-,59 649.15,3s3p,3P°,2,3s9s,3S,1,,,https://physics.nist.gov/cgi-bin/ASBib1/get_ASBib_ref.cgi?db=el&amp;db_id=6095&amp;comment_code=&amp;element=Mg&amp;spectr_charge=1&amp;ref=6095&amp;type=
266.8124,266.81232,6,,,21 850.405,-,59 318.793,3s3p,3P°,0,3s7d,3D,1,,,https://physics.nist.gov/cgi-bin/ASBib1/get_ASBib_ref.cgi?db=el&amp;db_id=6095&amp;comment_code=&amp;element=Mg&amp;spectr_charge=1&amp;ref=6095&amp;type=
266.9553,266.95537,8,,,21 870.464,-,59 318.775,3s3p,3P°,1,3s7d,3D,2,,,https://physics.nist.gov/cgi-bin/ASBib1/get_ASBib_ref.cgi?db=el&amp;db_id=6095&amp;comment_code=&amp;element=Mg&amp;spectr_charge=1&amp;ref=6095&amp;type=
267.2460,267.24602,10,,,21 911.178,-,59 318.764,3s3p,3P°,2,3s7d,3D,3,,,https://physics.nist.gov/cgi-bin/ASBib1/get_ASBib_ref.cgi?db=el&amp;db_id=6095&amp;comment_code=&amp;element=Mg&amp;spectr_charge=1&amp;ref=6095&amp;type=
269.3723,269.37225,3,,,21 850.405,-,58 962.739,3s3p,3P°,0,3s8s,3S,1,,,https://physics.nist.gov/cgi-bin/ASBib1/get_ASBib_ref.cgi?db=el&amp;db_id=6095&amp;comment_code=&amp;element=Mg&amp;spectr_charge=1&amp;ref=6095&amp;type=
269.5181,269.51793,5,,,21 870.464,-,58 962.739,3s3p,3P°,1,3s8s,3S,1,,,https://physics.nist.gov/cgi-bin/ASBib1/get_ASBib_ref.cgi?db=el&amp;db_id=6095&amp;comment_code=&amp;element=Mg&amp;spectr_charge=1&amp;ref=6095&amp;type=
269.8145,269.81411,6,,,21 911.178,-,58 962.739,3s3p,3P°,2,3s8s,3S,1,,,https://physics.nist.gov/cgi-bin/ASBib1/get_ASBib_ref.cgi?db=el&amp;db_id=6095&amp;comment_code=&amp;element=Mg&amp;spectr_charge=1&amp;ref=6095&amp;type=
273.1993,273.19940,8,6.97e+06,D+,21 850.405,-,58 442.874,3s3p,3P°,0,3s6d,3D,1,,https://physics.nist.gov/cgi-bin/ASBib1/get_ASBib_ref.cgi?db=tp&amp;db_id=6298&amp;comment_code=c72&amp;element=Mg&amp;spectr_charge=1&amp;ref=6298&amp;type=,https://physics.nist.gov/cgi-bin/ASBib1/get_ASBib_ref.cgi?db=el&amp;db_id=6095&amp;comment_code=&amp;element=Mg&amp;spectr_charge=1&amp;ref=6095&amp;type=
,273.34925,,5.21e+06,D,21 870.464,-,58 442.874,3s3p,3P°,1,3s6d,3D,1,,https://physics.nist.gov/cgi-bin/ASBib1/get_ASBib_ref.cgi?db=tp&amp;db_id=6298&amp;comment_code=c72&amp;element=Mg&amp;spectr_charge=1&amp;ref=6298&amp;type=,
273.3493,273.34941,10,9.37e+06,D+,21 870.464,-,58 442.853,3s3p,3P°,1,3s6d,3D,2,,https://physics.nist.gov/cgi-bin/ASBib1/get_ASBib_ref.cgi?db=tp&amp;db_id=6298&amp;comment_code=c72&amp;element=Mg&amp;spectr_charge=1&amp;ref=6298&amp;type=,https://physics.nist.gov/cgi-bin/ASBib1/get_ASBib_ref.cgi?db=el&amp;db_id=6095&amp;comment_code=&amp;element=Mg&amp;spectr_charge=1&amp;ref=6095&amp;type=
,273.65391,,3.46e+05,E,21 911.178,-,58 442.874,3s3p,3P°,2,3s6d,3D,1,,https://physics.nist.gov/cgi-bin/ASBib1/get_ASBib_ref.cgi?db=tp&amp;db_id=6298&amp;comment_code=c72&amp;element=Mg&amp;spectr_charge=1&amp;ref=6298&amp;type=,
,273.65407,,3.12e+06,D,21 911.178,-,58 442.853,3s3p,3P°,2,3s6d,3D,2,,https://physics.nist.gov/cgi-bin/ASBib1/get_ASBib_ref.cgi?db=tp&amp;db_id=6298&amp;comment_code=c72&amp;element=Mg&amp;spectr_charge=1&amp;ref=6298&amp;type=,
273.6542,273.65414,12,1.25e+07,C,21 911.178,-,58 442.843,3s3p,3P°,2,3s6d,3D,3,,https://physics.nist.gov/cgi-bin/ASBib1/get_ASBib_ref.cgi?db=tp&amp;db_id=6298&amp;comment_code=c72&amp;element=Mg&amp;spectr_charge=1&amp;ref=6298&amp;type=,https://physics.nist.gov/cgi-bin/ASBib1/get_ASBib_ref.cgi?db=el&amp;db_id=6095&amp;comment_code=&amp;element=Mg&amp;spectr_charge=1&amp;ref=6095&amp;type=
276.5222,276.52221,5,,,21 870.464,-,58 023.246,3s3p,3P°,1,3s6d,1D,2,,,https://physics.nist.gov/cgi-bin/ASBib1/get_ASBib_ref.cgi?db=el&amp;db_id=6095&amp;comment_code=&amp;element=Mg&amp;spectr_charge=1&amp;ref=6095&amp;type=
276.8339,276.83398,7,,,21 911.178,-,58 023.246,3s3p,3P°,2,3s6d,1D,2,,,https://physics.nist.gov/cgi-bin/ASBib1/get_ASBib_ref.cgi?db=el&amp;db_id=6095&amp;comment_code=&amp;element=Mg&amp;spectr_charge=1&amp;ref=6095&amp;type=
277.6690,277.6690,18,1.32e+08,B+,21 870.464,-,57 873.94,3s3p,3P°,1,3p<sup>2</sup>,3P,2,,https://physics.nist.gov/cgi-bin/ASBib1/get_ASBib_ref.cgi?db=tp&amp;db_id=4391&amp;comment_code=&amp;element=Mg&amp;spectr_charge=1&amp;ref=4391&amp;type=,https://physics.nist.gov/cgi-bin/ASBib1/get_ASBib_ref.cgi?db=el&amp;db_id=6095&amp;comment_code=&amp;element=Mg&amp;spectr_charge=1&amp;ref=6095&amp;type=
277.8270,277.8271,18,1.82e+08,C+,21 850.405,-,57 833.40,3s3p,3P°,0,3p<sup>2</sup>,3P,1,,https://physics.nist.gov/cgi-bin/ASBib1/get_ASBib_ref.cgi?db=tp&amp;db_id=6298&amp;comment_code=c72&amp;element=Mg&amp;spectr_charge=1&amp;ref=6298&amp;type=,https://physics.nist.gov/cgi-bin/ASBib1/get_ASBib_ref.cgi?db=el&amp;db_id=6095&amp;comment_code=&amp;element=Mg&amp;spectr_charge=1&amp;ref=6095&amp;type=
277.9831,277.9820,20*,1.36e+08,C+,21 870.464,-,57 833.40,3s3p,3P°,1,3p<sup>2</sup>,3P,1,,https://physics.nist.gov/cgi-bin/ASBib1/get_ASBib_ref.cgi?db=tp&amp;db_id=6298&amp;comment_code=c72&amp;element=Mg&amp;spectr_charge=1&amp;ref=6298&amp;type=,https://physics.nist.gov/cgi-bin/ASBib1/get_ASBib_ref.cgi?db=el&amp;db_id=6095&amp;comment_code=&amp;element=Mg&amp;spectr_charge=1&amp;ref=6095&amp;type=
277.9831,277.9834,20*,4.09e+08,B,21 911.178,-,57 873.94,3s3p,3P°,2,3p<sup>2</sup>,3P,2,,https://physics.nist.gov/cgi-bin/ASBib1/get_ASBib_ref.cgi?db=tp&amp;db_id=6298&amp;comment_code=c72&amp;element=Mg&amp;spectr_charge=1&amp;ref=6298&amp;type=,https://physics.nist.gov/cgi-bin/ASBib1/get_ASBib_ref.cgi?db=el&amp;db_id=6095&amp;comment_code=&amp;element=Mg&amp;spectr_charge=1&amp;ref=6095&amp;type=
278.1288,278.1282,8,,,21 911.178,-,57 855.214,3s3p,3P°,2,3s7s,3S,1,,,https://physics.nist.gov/cgi-bin/ASBib1/get_ASBib_ref.cgi?db=el&amp;db_id=6095&amp;comment_code=&amp;element=Mg&amp;spectr_charge=1&amp;ref=6095&amp;type=
278.1416,278.1416,18,5.43e+08,C+,21 870.464,-,57 812.77,3s3p,3P°,1,3p<sup>2</sup>,3P,0,,https://physics.nist.gov/cgi-bin/ASBib1/get_ASBib_ref.cgi?db=tp&amp;db_id=6298&amp;comment_code=c72&amp;element=Mg&amp;spectr_charge=1&amp;ref=6298&amp;type=,https://physics.nist.gov/cgi-bin/ASBib1/get_ASBib_ref.cgi?db=el&amp;db_id=6095&amp;comment_code=&amp;element=Mg&amp;spectr_charge=1&amp;ref=6095&amp;type=
278.2972,278.2971,18,2.14e+08,B+,21 911.178,-,57 833.40,3s3p,3P°,2,3p<sup>2</sup>,3P,1,,https://physics.nist.gov/cgi-bin/ASBib1/get_ASBib_ref.cgi?db=tp&amp;db_id=4391&amp;comment_code=&amp;element=Mg&amp;spectr_charge=1&amp;ref=4391&amp;type=,https://physics.nist.gov/cgi-bin/ASBib1/get_ASBib_ref.cgi?db=el&amp;db_id=6095&amp;comment_code=&amp;element=Mg&amp;spectr_charge=1&amp;ref=6095&amp;type=
,280.9755,,3.14e+07,C,47 957.027,-,83 536.84,3s3d,3D,2,3p3d,3D°,3,,https://physics.nist.gov/cgi-bin/ASBib1/get_ASBib_ref.cgi?db=tp&amp;db_id=6298&amp;comment_code=c72&amp;element=Mg&amp;spectr_charge=1&amp;ref=6298&amp;type=,
280.9761,280.9756,3,2.50e+08,B,47 957.045,-,83 536.84,3s3d,3D,3,3p3d,3D°,3,,https://physics.nist.gov/cgi-bin/ASBib1/get_ASBib_ref.cgi?db=tp&amp;db_id=6298&amp;comment_code=c72&amp;element=Mg&amp;spectr_charge=1&amp;ref=6298&amp;type=,https://physics.nist.gov/cgi-bin/ASBib1/get_ASBib_ref.cgi?db=el&amp;db_id=6095&amp;comment_code=&amp;element=Mg&amp;spectr_charge=1&amp;ref=6095&amp;type=
,281.1050,,4.38e+07,C,47 957.045,-,83 520.47,3s3d,3D,3,3p3d,3D°,2,,https://physics.nist.gov/cgi-bin/ASBib1/get_ASBib_ref.cgi?db=tp&amp;db_id=6298&amp;comment_code=c72&amp;element=Mg&amp;spectr_charge=1&amp;ref=6298&amp;type=,
,281.1051,,4.22e+07,C,47 957.058,-,83 520.47,3s3d,3D,1,3p3d,3D°,2,,https://physics.nist.gov/cgi-bin/ASBib1/get_ASBib_ref.cgi?db=tp&amp;db_id=6298&amp;comment_code=c72&amp;element=Mg&amp;spectr_charge=1&amp;ref=6298&amp;type=,
281.1112,281.1048,2bl,1.96e+08,B,47 957.027,-,83 520.47,3s3d,3D,2,3p3d,3D°,2,,https://physics.nist.gov/cgi-bin/ASBib1/get_ASBib_ref.cgi?db=tp&amp;db_id=6298&amp;comment_code=c72&amp;element=Mg&amp;spectr_charge=1&amp;ref=6298&amp;type=,https://physics.nist.gov/cgi-bin/ASBib1/get_ASBib_ref.cgi?db=el&amp;db_id=6095&amp;comment_code=&amp;element=Mg&amp;spectr_charge=1&amp;ref=6095&amp;type=
,281.1777,,7.03e+07,C,47 957.027,-,83 511.25,3s3d,3D,2,3p3d,3D°,1,,https://physics.nist.gov/cgi-bin/ASBib1/get_ASBib_ref.cgi?db=tp&amp;db_id=6298&amp;comment_code=c72&amp;element=Mg&amp;spectr_charge=1&amp;ref=6298&amp;type=,
281.1781,281.1780,1,2.11e+08,C+,47 957.058,-,83 511.25,3s3d,3D,1,3p3d,3D°,1,,https://physics.nist.gov/cgi-bin/ASBib1/get_ASBib_ref.cgi?db=tp&amp;db_id=6298&amp;comment_code=c72&amp;element=Mg&amp;spectr_charge=1&amp;ref=6298&amp;type=,https://physics.nist.gov/cgi-bin/ASBib1/get_ASBib_ref.cgi?db=el&amp;db_id=6095&amp;comment_code=&amp;element=Mg&amp;spectr_charge=1&amp;ref=6095&amp;type=
284.6716,284.67167,12,1.31e+07,D+,21 850.405,-,56 968.271,3s3p,3P°,0,3s5d,3D,1,,https://physics.nist.gov/cgi-bin/ASBib1/get_ASBib_ref.cgi?db=tp&amp;db_id=6298&amp;comment_code=c72&amp;element=Mg&amp;spectr_charge=1&amp;ref=6298&amp;type=,https://physics.nist.gov/cgi-bin/ASBib1/get_ASBib_ref.cgi?db=el&amp;db_id=6095&amp;comment_code=&amp;element=Mg&amp;spectr_charge=1&amp;ref=6095&amp;type=
284.8342,284.83456,14,1.77e+07,C,21 870.464,-,56 968.248,3s3p,3P°,1,3s5d,3D,2,,https://physics.nist.gov/cgi-bin/ASBib1/get_ASBib_ref.cgi?db=tp&amp;db_id=6298&amp;comment_code=c72&amp;element=Mg&amp;spectr_charge=1&amp;ref=6298&amp;type=,https://physics.nist.gov/cgi-bin/ASBib1/get_ASBib_ref.cgi?db=el&amp;db_id=6095&amp;comment_code=&amp;element=Mg&amp;spectr_charge=1&amp;ref=6095&amp;type=
,284.8344,,9.86e+06,D+,21 870.464,-,56 968.271,3s3p,3P°,1,3s5d,3D,1,,https://physics.nist.gov/cgi-bin/ASBib1/get_ASBib_ref.cgi?db=tp&amp;db_id=6298&amp;comment_code=c72&amp;element=Mg&amp;spectr_charge=1&amp;ref=6298&amp;type=,
,285.1652,,6.53e+05,E,21 911.178,-,56 968.271,3s3p,3P°,2,3s5d,3D,1,,https://physics.nist.gov/cgi-bin/ASBib1/get_ASBib_ref.cgi?db=tp&amp;db_id=6298&amp;comment_code=c72&amp;element=Mg&amp;spectr_charge=1&amp;ref=6298&amp;type=,
,285.1654,,5.88e+06,D+,21 911.178,-,56 968.248,3s3p,3P°,2,3s5d,3D,2,,https://physics.nist.gov/cgi-bin/ASBib1/get_ASBib_ref.cgi?db=tp&amp;db_id=6298&amp;comment_code=c72&amp;element=Mg&amp;spectr_charge=1&amp;ref=6298&amp;type=,
285.1660,285.16562,16,2.35e+07,C,21 911.178,-,56 968.218,3s3p,3P°,2,3s5d,3D,3,,https://physics.nist.gov/cgi-bin/ASBib1/get_ASBib_ref.cgi?db=tp&amp;db_id=6298&amp;comment_code=c72&amp;element=Mg&amp;spectr_charge=1&amp;ref=6298&amp;type=,https://physics.nist.gov/cgi-bin/ASBib1/get_ASBib_ref.cgi?db=el&amp;db_id=6095&amp;comment_code=&amp;element=Mg&amp;spectr_charge=1&amp;ref=6095&amp;type=
285.2127,285.21261,50g,4.91e+08,A,0.000,-,35 051.264,2p63s2,1S,0,3s3p,1P°,1,,https://physics.nist.gov/cgi-bin/ASBib1/get_ASBib_ref.cgi?db=tp&amp;db_id=&amp;comment_code=u19&amp;element=Mg&amp;spectr_charge=1&amp;ref=&amp;type=,https://physics.nist.gov/cgi-bin/ASBib1/get_ASBib_ref.cgi?db=el&amp;db_id=6095&amp;comment_code=&amp;element=Mg&amp;spectr_charge=1&amp;ref=6095&amp;type=
290.2923,290.29255,2,,,21 870.464,-,56 308.381,3s3p,3P°,1,3s5d,1D,2,,,https://physics.nist.gov/cgi-bin/ASBib1/get_ASBib_ref.cgi?db=el&amp;db_id=6095&amp;comment_code=&amp;element=Mg&amp;spectr_charge=1&amp;ref=6095&amp;type=
290.6360,290.63617,4,,,21 911.178,-,56 308.381,3s3p,3P°,2,3s5d,1D,2,,,https://physics.nist.gov/cgi-bin/ASBib1/get_ASBib_ref.cgi?db=el&amp;db_id=6095&amp;comment_code=&amp;element=Mg&amp;spectr_charge=1&amp;ref=6095&amp;type=
291.5453,291.5453,3d,4.09e+08,B,46 403.065,-,80 693.01,3s3d,1D,2,3p3d,1D°,2,,https://physics.nist.gov/cgi-bin/ASBib1/get_ASBib_ref.cgi?db=tp&amp;db_id=6298&amp;comment_code=c72&amp;element=Mg&amp;spectr_charge=1&amp;ref=6298&amp;type=,https://physics.nist.gov/cgi-bin/ASBib1/get_ASBib_ref.cgi?db=el&amp;db_id=6095&amp;comment_code=&amp;element=Mg&amp;spectr_charge=1&amp;ref=6095&amp;type=
293.6739,293.6741,10,1.37e+06,D,21 850.405,-,55 891.80,3s3p,3P°,0,3s6s,3S,1,,https://physics.nist.gov/cgi-bin/ASBib1/get_ASBib_ref.cgi?db=tp&amp;db_id=6298&amp;comment_code=c72&amp;element=Mg&amp;spectr_charge=1&amp;ref=6298&amp;type=,https://physics.nist.gov/cgi-bin/ASBib1/get_ASBib_ref.cgi?db=el&amp;db_id=6095&amp;comment_code=&amp;element=Mg&amp;spectr_charge=1&amp;ref=6095&amp;type=
293.8473,293.8473,12,4.12e+06,D,21 870.464,-,55 891.80,3s3p,3P°,1,3s6s,3S,1,,https://physics.nist.gov/cgi-bin/ASBib1/get_ASBib_ref.cgi?db=tp&amp;db_id=6298&amp;comment_code=c72&amp;element=Mg&amp;spectr_charge=1&amp;ref=6298&amp;type=,https://physics.nist.gov/cgi-bin/ASBib1/get_ASBib_ref.cgi?db=el&amp;db_id=6095&amp;comment_code=&amp;element=Mg&amp;spectr_charge=1&amp;ref=6095&amp;type=
294.1995,294.1994,13,6.83e+06,D+,21 911.178,-,55 891.80,3s3p,3P°,2,3s6s,3S,1,,https://physics.nist.gov/cgi-bin/ASBib1/get_ASBib_ref.cgi?db=tp&amp;db_id=6298&amp;comment_code=c72&amp;element=Mg&amp;spectr_charge=1&amp;ref=6298&amp;type=,https://physics.nist.gov/cgi-bin/ASBib1/get_ASBib_ref.cgi?db=el&amp;db_id=6095&amp;comment_code=&amp;element=Mg&amp;spectr_charge=1&amp;ref=6095&amp;type=
309.1065,309.10640,20,3.09e+07,B,21 850.405,-,54 192.335,3s3p,3P°,0,3s4d,3D,1,,https://physics.nist.gov/cgi-bin/ASBib1/get_ASBib_ref.cgi?db=tp&amp;db_id=4391&amp;comment_code=&amp;element=Mg&amp;spectr_charge=1&amp;ref=4391&amp;type=,https://physics.nist.gov/cgi-bin/ASBib1/get_ASBib_ref.cgi?db=el&amp;db_id=6095&amp;comment_code=&amp;element=Mg&amp;spectr_charge=1&amp;ref=6095&amp;type=
,309.2982,,2.08e+07,C,21 870.464,-,54 192.335,3s3p,3P°,1,3s4d,3D,1,,https://physics.nist.gov/cgi-bin/ASBib1/get_ASBib_ref.cgi?db=tp&amp;db_id=6298&amp;comment_code=c72&amp;element=Mg&amp;spectr_charge=1&amp;ref=6298&amp;type=,
309.2984,309.29863,22,3.74e+07,C,21 870.464,-,54 192.294,3s3p,3P°,1,3s4d,3D,2,,https://physics.nist.gov/cgi-bin/ASBib1/get_ASBib_ref.cgi?db=tp&amp;db_id=6298&amp;comment_code=c72&amp;element=Mg&amp;spectr_charge=1&amp;ref=6298&amp;type=,https://physics.nist.gov/cgi-bin/ASBib1/get_ASBib_ref.cgi?db=el&amp;db_id=6095&amp;comment_code=&amp;element=Mg&amp;spectr_charge=1&amp;ref=6095&amp;type=
,309.6884,,1.38e+06,D,21 911.178,-,54 192.335,3s3p,3P°,2,3s4d,3D,1,,https://physics.nist.gov/cgi-bin/ASBib1/get_ASBib_ref.cgi?db=tp&amp;db_id=6298&amp;comment_code=c72&amp;element=Mg&amp;spectr_charge=1&amp;ref=6298&amp;type=,
,309.6887,,1.24e+07,C,21 911.178,-,54 192.294,3s3p,3P°,2,3s4d,3D,2,,https://physics.nist.gov/cgi-bin/ASBib1/get_ASBib_ref.cgi?db=tp&amp;db_id=6298&amp;comment_code=c72&amp;element=Mg&amp;spectr_charge=1&amp;ref=6298&amp;type=,
309.6890,309.68911,24,4.96e+07,C+,21 911.178,-,54 192.256,3s3p,3P°,2,3s4d,3D,3,,https://physics.nist.gov/cgi-bin/ASBib1/get_ASBib_ref.cgi?db=tp&amp;db_id=6298&amp;comment_code=c72&amp;element=Mg&amp;spectr_charge=1&amp;ref=6298&amp;type=,https://physics.nist.gov/cgi-bin/ASBib1/get_ASBib_ref.cgi?db=el&amp;db_id=6095&amp;comment_code=&amp;element=Mg&amp;spectr_charge=1&amp;ref=6095&amp;type=
319.7625,319.76246,2,,,21 870.464,-,53 134.642,3s3p,3P°,1,3s4d,1D,2,,,https://physics.nist.gov/cgi-bin/ASBib1/get_ASBib_ref.cgi?db=el&amp;db_id=6095&amp;comment_code=&amp;element=Mg&amp;spectr_charge=1&amp;ref=6095&amp;type=
320.1796,320.17943,3,,,21 911.178,-,53 134.642,3s3p,3P°,2,3s4d,1D,2,,,https://physics.nist.gov/cgi-bin/ASBib1/get_ASBib_ref.cgi?db=el&amp;db_id=6095&amp;comment_code=&amp;element=Mg&amp;spectr_charge=1&amp;ref=6095&amp;type=
332.9919,332.99194,17,3.09e+06,D+,21 850.405,-,51 872.526,3s3p,3P°,0,3s5s,3S,1,,https://physics.nist.gov/cgi-bin/ASBib1/get_ASBib_ref.cgi?db=tp&amp;db_id=6298&amp;comment_code=c72&amp;element=Mg&amp;spectr_charge=1&amp;ref=6298&amp;type=,https://physics.nist.gov/cgi-bin/ASBib1/get_ASBib_ref.cgi?db=el&amp;db_id=6095&amp;comment_code=&amp;element=Mg&amp;spectr_charge=1&amp;ref=6095&amp;type=
333.2146,333.21458,19,1.02e+07,B,21 870.464,-,51 872.526,3s3p,3P°,1,3s5s,3S,1,,https://physics.nist.gov/cgi-bin/ASBib1/get_ASBib_ref.cgi?db=tp&amp;db_id=4391&amp;comment_code=&amp;element=Mg&amp;spectr_charge=1&amp;ref=4391&amp;type=,https://physics.nist.gov/cgi-bin/ASBib1/get_ASBib_ref.cgi?db=el&amp;db_id=6095&amp;comment_code=&amp;element=Mg&amp;spectr_charge=1&amp;ref=6095&amp;type=
333.6674,333.66740,20,1.70e+07,B,21 911.178,-,51 872.526,3s3p,3P°,2,3s5s,3S,1,,https://physics.nist.gov/cgi-bin/ASBib1/get_ASBib_ref.cgi?db=tp&amp;db_id=4391&amp;comment_code=&amp;element=Mg&amp;spectr_charge=1&amp;ref=4391&amp;type=,https://physics.nist.gov/cgi-bin/ASBib1/get_ASBib_ref.cgi?db=el&amp;db_id=6095&amp;comment_code=&amp;element=Mg&amp;spectr_charge=1&amp;ref=6095&amp;type=
,362.7628,,5.62e+06,C,53 134.642,-,80 693.01,3s4d,1D,2,3p3d,1D°,2,,https://physics.nist.gov/cgi-bin/ASBib1/get_ASBib_ref.cgi?db=tp&amp;db_id=6298&amp;comment_code=c72&amp;element=Mg&amp;spectr_charge=1&amp;ref=6298&amp;type=,
,363.5813,,9.89e-05,D,21 850.405,-,49 346.729,3s3p,3P°,0,3s4p,1P°,1,M1,https://physics.nist.gov/cgi-bin/ASBib1/get_ASBib_ref.cgi?db=tp&amp;db_id=&amp;comment_code=c43&amp;element=Mg&amp;spectr_charge=1&amp;ref=&amp;type=M1,
,363.8468,,2.12e-04,C,21 870.464,-,49 346.729,3s3p,3P°,1,3s4p,1P°,1,E2,https://physics.nist.gov/cgi-bin/ASBib1/get_ASBib_ref.cgi?db=tp&amp;db_id=&amp;comment_code=c43&amp;element=Mg&amp;spectr_charge=1&amp;ref=&amp;type=E2,
,363.8468,,7.38e-05,D,21 870.464,-,49 346.729,3s3p,3P°,1,3s4p,1P°,1,M1,https://physics.nist.gov/cgi-bin/ASBib1/get_ASBib_ref.cgi?db=tp&amp;db_id=&amp;comment_code=c43&amp;element=Mg&amp;spectr_charge=1&amp;ref=&amp;type=M1,
,364.3867,,1.22e-04,D,21 911.178,-,49 346.729,3s3p,3P°,2,3s4p,1P°,1,M1,https://physics.nist.gov/cgi-bin/ASBib1/get_ASBib_ref.cgi?db=tp&amp;db_id=&amp;comment_code=c43&amp;element=Mg&amp;spectr_charge=1&amp;ref=&amp;type=M1,
,364.3867,,2.80e-04,C,21 911.178,-,49 346.729,3s3p,3P°,2,3s4p,1P°,1,E2,https://physics.nist.gov/cgi-bin/ASBib1/get_ASBib_ref.cgi?db=tp&amp;db_id=&amp;comment_code=c43&amp;element=Mg&amp;spectr_charge=1&amp;ref=&amp;type=E2,
378.68,378.67,a,,,35 051.264,-,61 452,3s3p,1P°,1,3s23d,1D,2,,,https://physics.nist.gov/cgi-bin/ASBib1/get_ASBib_ref.cgi?db=el&amp;db_id=4057&amp;comment_code=&amp;element=Mg&amp;spectr_charge=1&amp;ref=4057&amp;type=
378.97,378.96,a,,,35 051.264,-,61 432,3s3p,1P°,1,3s22d,1D,2,,,https://physics.nist.gov/cgi-bin/ASBib1/get_ASBib_ref.cgi?db=el&amp;db_id=4057&amp;comment_code=&amp;element=Mg&amp;spectr_charge=1&amp;ref=4057&amp;type=
379.33,379.32,a,,,35 051.264,-,61 407,3s3p,1P°,1,3s21d,1D,2,,,https://physics.nist.gov/cgi-bin/ASBib1/get_ASBib_ref.cgi?db=el&amp;db_id=4057&amp;comment_code=&amp;element=Mg&amp;spectr_charge=1&amp;ref=4057&amp;type=
379.722,379.717,a,,,35 051.264,-,61 379.2,3s3p,1P°,1,3s20d,1D,2,,,https://physics.nist.gov/cgi-bin/ASBib1/get_ASBib_ref.cgi?db=el&amp;db_id=4057&amp;comment_code=&amp;element=Mg&amp;spectr_charge=1&amp;ref=4057&amp;type=
380.187,380.186,a,,,35 051.264,-,61 346.7,3s3p,1P°,1,3s19d,1D,2,,,https://physics.nist.gov/cgi-bin/ASBib1/get_ASBib_ref.cgi?db=el&amp;db_id=4057&amp;comment_code=&amp;element=Mg&amp;spectr_charge=1&amp;ref=4057&amp;type=
380.741,380.741,a,,,35 051.264,-,61 308.4,3s3p,1P°,1,3s18d,1D,2,,,https://physics.nist.gov/cgi-bin/ASBib1/get_ASBib_ref.cgi?db=el&amp;db_id=4057&amp;comment_code=&amp;element=Mg&amp;spectr_charge=1&amp;ref=4057&amp;type=
381.402,381.402,a,,,35 051.264,-,61 262.9,3s3p,1P°,1,3s17d,1D,2,,,https://physics.nist.gov/cgi-bin/ASBib1/get_ASBib_ref.cgi?db=el&amp;db_id=4057&amp;comment_code=&amp;element=Mg&amp;spectr_charge=1&amp;ref=4057&amp;type=
382.200,382.199,a,,,35 051.264,-,61 208.2,3s3p,1P°,1,3s16d,1D,2,,,https://physics.nist.gov/cgi-bin/ASBib1/get_ASBib_ref.cgi?db=el&amp;db_id=4057&amp;comment_code=&amp;element=Mg&amp;spectr_charge=1&amp;ref=4057&amp;type=
382.93549,382.93547,36,8.99e+07,B+,21 850.405,-,47 957.058,3s3p,3P°,0,3s3d,3D,1,,https://physics.nist.gov/cgi-bin/ASBib1/get_ASBib_ref.cgi?db=tp&amp;db_id=&amp;comment_code=c45&amp;element=Mg&amp;spectr_charge=1&amp;ref=&amp;type=,https://physics.nist.gov/cgi-bin/ASBib1/get_ASBib_ref.cgi?db=el&amp;db_id=7428&amp;comment_code=&amp;element=Mg&amp;spectr_charge=1&amp;ref=7428&amp;type=
,382.9359,,2.11e-05,B,21 850.405,-,47 957.027,3s3p,3P°,0,3s3d,3D,2,M2,https://physics.nist.gov/cgi-bin/ASBib1/get_ASBib_ref.cgi?db=tp&amp;db_id=&amp;comment_code=c43&amp;element=Mg&amp;spectr_charge=1&amp;ref=&amp;type=M2,
383.168,383.168,a,,,35 051.264,-,61 142.1,3s3p,1P°,1,3s15d,1D,2,,,https://physics.nist.gov/cgi-bin/ASBib1/get_ASBib_ref.cgi?db=el&amp;db_id=4057&amp;comment_code=&amp;element=Mg&amp;spectr_charge=1&amp;ref=4057&amp;type=
,383.2299,,7.17e-05,B,21 870.464,-,47 957.058,3s3p,3P°,1,3s3d,3D,1,M2,https://physics.nist.gov/cgi-bin/ASBib1/get_ASBib_ref.cgi?db=tp&amp;db_id=&amp;comment_code=c43&amp;element=Mg&amp;spectr_charge=1&amp;ref=&amp;type=M2,
383.22996,383.22993,,6.74e+07,B+,21 870.464,-,47 957.058,3s3p,3P°,1,3s3d,3D,1,,https://physics.nist.gov/cgi-bin/ASBib1/get_ASBib_ref.cgi?db=tp&amp;db_id=&amp;comment_code=c45&amp;element=Mg&amp;spectr_charge=1&amp;ref=&amp;type=,https://physics.nist.gov/cgi-bin/ASBib1/get_ASBib_ref.cgi?db=el&amp;db_id=7428&amp;comment_code=&amp;element=Mg&amp;spectr_charge=1&amp;ref=7428&amp;type=
,383.2301,,2.20e-05,B,21 870.464,-,47 957.045,3s3p,3P°,1,3s3d,3D,3,M2,https://physics.nist.gov/cgi-bin/ASBib1/get_ASBib_ref.cgi?db=tp&amp;db_id=&amp;comment_code=c43&amp;element=Mg&amp;spectr_charge=1&amp;ref=&amp;type=M2,
383.23037,383.23039,38,1.21e+08,B+,21 870.464,-,47 957.027,3s3p,3P°,1,3s3d,3D,2,,https://physics.nist.gov/cgi-bin/ASBib1/get_ASBib_ref.cgi?db=tp&amp;db_id=&amp;comment_code=c45&amp;element=Mg&amp;spectr_charge=1&amp;ref=&amp;type=,https://physics.nist.gov/cgi-bin/ASBib1/get_ASBib_ref.cgi?db=el&amp;db_id=7428&amp;comment_code=&amp;element=Mg&amp;spectr_charge=1&amp;ref=7428&amp;type=
,383.2304,,6.36e-04,B+,21 870.464,-,47 957.027,3s3p,3P°,1,3s3d,3D,2,M2,https://physics.nist.gov/cgi-bin/ASBib1/get_ASBib_ref.cgi?db=tp&amp;db_id=&amp;comment_code=c43&amp;element=Mg&amp;spectr_charge=1&amp;ref=&amp;type=M2,
,383.8290,,4.48e+06,B,21 911.178,-,47 957.058,3s3p,3P°,2,3s3d,3D,1,,https://physics.nist.gov/cgi-bin/ASBib1/get_ASBib_ref.cgi?db=tp&amp;db_id=&amp;comment_code=c45&amp;element=Mg&amp;spectr_charge=1&amp;ref=&amp;type=,
,383.8290,,1.80e-06,C,21 911.178,-,47 957.058,3s3p,3P°,2,3s3d,3D,1,M2,https://physics.nist.gov/cgi-bin/ASBib1/get_ASBib_ref.cgi?db=tp&amp;db_id=&amp;comment_code=c43&amp;element=Mg&amp;spectr_charge=1&amp;ref=&amp;type=M2,
383.82918,383.82919,40,1.61e+08,B+,21 911.178,-,47 957.045,3s3p,3P°,2,3s3d,3D,3,,https://physics.nist.gov/cgi-bin/ASBib1/get_ASBib_ref.cgi?db=tp&amp;db_id=&amp;comment_code=c45&amp;element=Mg&amp;spectr_charge=1&amp;ref=&amp;type=,https://physics.nist.gov/cgi-bin/ASBib1/get_ASBib_ref.cgi?db=el&amp;db_id=7428&amp;comment_code=&amp;element=Mg&amp;spectr_charge=1&amp;ref=7428&amp;type=
,383.8292,,2.04e-03,B+,21 911.178,-,47 957.045,3s3p,3P°,2,3s3d,3D,3,M2,https://physics.nist.gov/cgi-bin/ASBib1/get_ASBib_ref.cgi?db=tp&amp;db_id=&amp;comment_code=c43&amp;element=Mg&amp;spectr_charge=1&amp;ref=&amp;type=M2,
383.82943,383.82946,,4.03e+07,B+,21 911.178,-,47 957.027,3s3p,3P°,2,3s3d,3D,2,,https://physics.nist.gov/cgi-bin/ASBib1/get_ASBib_ref.cgi?db=tp&amp;db_id=&amp;comment_code=c45&amp;element=Mg&amp;spectr_charge=1&amp;ref=&amp;type=,https://physics.nist.gov/cgi-bin/ASBib1/get_ASBib_ref.cgi?db=el&amp;db_id=7428&amp;comment_code=&amp;element=Mg&amp;spectr_charge=1&amp;ref=7428&amp;type=
,383.8295,,3.28e-04,B,21 911.178,-,47 957.027,3s3p,3P°,2,3s3d,3D,2,M2,https://physics.nist.gov/cgi-bin/ASBib1/get_ASBib_ref.cgi?db=tp&amp;db_id=&amp;comment_code=c43&amp;element=Mg&amp;spectr_charge=1&amp;ref=&amp;type=M2,
384.370,384.370,a,,,35 051.264,-,61 060.5,3s3p,1P°,1,3s14d,1D,2,,,https://physics.nist.gov/cgi-bin/ASBib1/get_ASBib_ref.cgi?db=el&amp;db_id=4057&amp;comment_code=&amp;element=Mg&amp;spectr_charge=1&amp;ref=4057&amp;type=
,384.4951,,1.46e+01,B+,21 850.405,-,47 851.162,3s3p,3P°,0,3s4p,3P°,2,E2,https://physics.nist.gov/cgi-bin/ASBib1/get_ASBib_ref.cgi?db=tp&amp;db_id=&amp;comment_code=c43&amp;element=Mg&amp;spectr_charge=1&amp;ref=&amp;type=E2,
,384.5949,,3.05e-05,D,21 850.405,-,47 844.414,3s3p,3P°,0,3s4p,3P°,1,M1,https://physics.nist.gov/cgi-bin/ASBib1/get_ASBib_ref.cgi?db=tp&amp;db_id=&amp;comment_code=c43&amp;element=Mg&amp;spectr_charge=1&amp;ref=&amp;type=M1,
,384.7920,,9.50e-05,D,21 870.464,-,47 851.162,3s3p,3P°,1,3s4p,3P°,2,M1,https://physics.nist.gov/cgi-bin/ASBib1/get_ASBib_ref.cgi?db=tp&amp;db_id=&amp;comment_code=c43&amp;element=Mg&amp;spectr_charge=1&amp;ref=&amp;type=M1,
,384.7920,,3.28e+01,B+,21 870.464,-,47 851.162,3s3p,3P°,1,3s4p,3P°,2,E2,https://physics.nist.gov/cgi-bin/ASBib1/get_ASBib_ref.cgi?db=tp&amp;db_id=&amp;comment_code=c43&amp;element=Mg&amp;spectr_charge=1&amp;ref=&amp;type=E2,
384.8914,384.8920,1,1.83e+01,B+,21 870.464,-,47 844.414,3s3p,3P°,1,3s4p,3P°,1,E2,https://physics.nist.gov/cgi-bin/ASBib1/get_ASBib_ref.cgi?db=tp&amp;db_id=&amp;comment_code=c43&amp;element=Mg&amp;spectr_charge=1&amp;ref=&amp;type=E2,https://physics.nist.gov/cgi-bin/ASBib1/get_ASBib_ref.cgi?db=el&amp;db_id=6095&amp;comment_code=&amp;element=Mg&amp;spectr_charge=1&amp;ref=6095&amp;type=E2
,384.8920,,4.31e-10,E,21 870.464,-,47 844.414,3s3p,3P°,1,3s4p,3P°,1,M1,https://physics.nist.gov/cgi-bin/ASBib1/get_ASBib_ref.cgi?db=tp&amp;db_id=&amp;comment_code=c43&amp;element=Mg&amp;spectr_charge=1&amp;ref=&amp;type=M1,
,384.9408,,9.20e-05,D,21 870.464,-,47 841.119,3s3p,3P°,1,3s4p,3P°,0,M1,https://physics.nist.gov/cgi-bin/ASBib1/get_ASBib_ref.cgi?db=tp&amp;db_id=&amp;comment_code=c43&amp;element=Mg&amp;spectr_charge=1&amp;ref=&amp;type=M1,
,385.3960,,2.89e-12,E,21 911.178,-,47 851.162,3s3p,3P°,2,3s4p,3P°,2,M1,https://physics.nist.gov/cgi-bin/ASBib1/get_ASBib_ref.cgi?db=tp&amp;db_id=&amp;comment_code=c43&amp;element=Mg&amp;spectr_charge=1&amp;ref=&amp;type=M1,
385.3960,385.3960,2,2.55e+01,B+,21 911.178,-,47 851.162,3s3p,3P°,2,3s4p,3P°,2,E2,https://physics.nist.gov/cgi-bin/ASBib1/get_ASBib_ref.cgi?db=tp&amp;db_id=&amp;comment_code=c43&amp;element=Mg&amp;spectr_charge=1&amp;ref=&amp;type=E2,https://physics.nist.gov/cgi-bin/ASBib1/get_ASBib_ref.cgi?db=el&amp;db_id=6095&amp;comment_code=&amp;element=Mg&amp;spectr_charge=1&amp;ref=6095&amp;type=E2
,385.4962,,1.59e-04,D,21 911.178,-,47 844.414,3s3p,3P°,2,3s4p,3P°,1,M1,https://physics.nist.gov/cgi-bin/ASBib1/get_ASBib_ref.cgi?db=tp&amp;db_id=&amp;comment_code=c43&amp;element=Mg&amp;spectr_charge=1&amp;ref=&amp;type=M1,
385.4965,385.4962,1,5.48e+01,B+,21 911.178,-,47 844.414,3s3p,3P°,2,3s4p,3P°,1,E2,https://physics.nist.gov/cgi-bin/ASBib1/get_ASBib_ref.cgi?db=tp&amp;db_id=&amp;comment_code=c43&amp;element=Mg&amp;spectr_charge=1&amp;ref=&amp;type=E2,https://physics.nist.gov/cgi-bin/ASBib1/get_ASBib_ref.cgi?db=el&amp;db_id=6095&amp;comment_code=&amp;element=Mg&amp;spectr_charge=1&amp;ref=6095&amp;type=E2
,385.5452,,7.32e+01,B+,21 911.178,-,47 841.119,3s3p,3P°,2,3s4p,3P°,0,E2,https://physics.nist.gov/cgi-bin/ASBib1/get_ASBib_ref.cgi?db=tp&amp;db_id=&amp;comment_code=c43&amp;element=Mg&amp;spectr_charge=1&amp;ref=&amp;type=E2,
385.8860,385.8860,2,,,35 051.264,-,60 958.31,3s3p,1P°,1,3s13d,1D,2,,,https://physics.nist.gov/cgi-bin/ASBib1/get_ASBib_ref.cgi?db=el&amp;db_id=6095&amp;comment_code=&amp;element=Mg&amp;spectr_charge=1&amp;ref=6095&amp;type=
387.8306,387.8306,3,,,35 051.264,-,60 828.41,3s3p,1P°,1,3s12d,1D,2,,,https://physics.nist.gov/cgi-bin/ASBib1/get_ASBib_ref.cgi?db=el&amp;db_id=6095&amp;comment_code=&amp;element=Mg&amp;spectr_charge=1&amp;ref=6095&amp;type=
389.0241,389.0178,1,1.31e+08,B,57 812.77,-,83 511.25,3p2,3P,0,3p3d,3D°,1,,https://physics.nist.gov/cgi-bin/ASBib1/get_ASBib_ref.cgi?db=tp&amp;db_id=6298&amp;comment_code=c72&amp;element=Mg&amp;spectr_charge=1&amp;ref=6298&amp;type=,https://physics.nist.gov/cgi-bin/ASBib1/get_ASBib_ref.cgi?db=el&amp;db_id=7442&amp;comment_code=&amp;element=Mg&amp;spectr_charge=1&amp;ref=7442&amp;type=
389.1906,389.1906,2d,1.77e+08,B,57 833.40,-,83 520.47,3p2,3P,1,3p3d,3D°,2,,https://physics.nist.gov/cgi-bin/ASBib1/get_ASBib_ref.cgi?db=tp&amp;db_id=6298&amp;comment_code=c72&amp;element=Mg&amp;spectr_charge=1&amp;ref=6298&amp;type=,https://physics.nist.gov/cgi-bin/ASBib1/get_ASBib_ref.cgi?db=el&amp;db_id=6095&amp;comment_code=&amp;element=Mg&amp;spectr_charge=1&amp;ref=6095&amp;type=
389.3304,389.3304,2d,9.81e+07,C+,57 833.40,-,83 511.25,3p2,3P,1,3p3d,3D°,1,,https://physics.nist.gov/cgi-bin/ASBib1/get_ASBib_ref.cgi?db=tp&amp;db_id=6298&amp;comment_code=c72&amp;element=Mg&amp;spectr_charge=1&amp;ref=6298&amp;type=,https://physics.nist.gov/cgi-bin/ASBib1/get_ASBib_ref.cgi?db=el&amp;db_id=6095&amp;comment_code=&amp;element=Mg&amp;spectr_charge=1&amp;ref=6095&amp;type=
389.5572,389.5572,3d,2.35e+08,B+,57 873.94,-,83 536.84,3p2,3P,2,3p3d,3D°,3,,https://physics.nist.gov/cgi-bin/ASBib1/get_ASBib_ref.cgi?db=tp&amp;db_id=6298&amp;comment_code=c72&amp;element=Mg&amp;spectr_charge=1&amp;ref=6298&amp;type=,https://physics.nist.gov/cgi-bin/ASBib1/get_ASBib_ref.cgi?db=el&amp;db_id=6095&amp;comment_code=&amp;element=Mg&amp;spectr_charge=1&amp;ref=6095&amp;type=
389.8120,389.8059,1,5.88e+07,C+,57 873.94,-,83 520.47,3p2,3P,2,3p3d,3D°,2,,https://physics.nist.gov/cgi-bin/ASBib1/get_ASBib_ref.cgi?db=tp&amp;db_id=6298&amp;comment_code=c72&amp;element=Mg&amp;spectr_charge=1&amp;ref=6298&amp;type=,https://physics.nist.gov/cgi-bin/ASBib1/get_ASBib_ref.cgi?db=el&amp;db_id=7442&amp;comment_code=&amp;element=Mg&amp;spectr_charge=1&amp;ref=7442&amp;type=
,389.9460,,6.52e+06,C,57 873.94,-,83 511.25,3p2,3P,2,3p3d,3D°,1,,https://physics.nist.gov/cgi-bin/ASBib1/get_ASBib_ref.cgi?db=tp&amp;db_id=6298&amp;comment_code=c72&amp;element=Mg&amp;spectr_charge=1&amp;ref=6298&amp;type=,
390.3859,390.3859,4,,,35 051.264,-,60 659.69,3s3p,1P°,1,3s11d,1D,2,,,https://physics.nist.gov/cgi-bin/ASBib1/get_ASBib_ref.cgi?db=el&amp;db_id=6095&amp;comment_code=&amp;element=Mg&amp;spectr_charge=1&amp;ref=6095&amp;type=
393.8400,393.8400,6,5.47e+06,D,35 051.264,-,60 435.099,3s3p,1P°,1,3s10d,1D,2,,https://physics.nist.gov/cgi-bin/ASBib1/get_ASBib_ref.cgi?db=tp&amp;db_id=6298&amp;comment_code=c72&amp;element=Mg&amp;spectr_charge=1&amp;ref=6298&amp;type=,https://physics.nist.gov/cgi-bin/ASBib1/get_ASBib_ref.cgi?db=el&amp;db_id=7428&amp;comment_code=&amp;element=Mg&amp;spectr_charge=1&amp;ref=7428&amp;type=
398.4212,398.4213,1,,,35 051.264,-,60 143.23,3s3p,1P°,1,3s10s,1S,0,,,https://physics.nist.gov/cgi-bin/ASBib1/get_ASBib_ref.cgi?db=el&amp;db_id=6095&amp;comment_code=&amp;element=Mg&amp;spectr_charge=1&amp;ref=6095&amp;type=
398.67533,398.67533,8,7.30e+06,D,35 051.264,-,60 127.239,3s3p,1P°,1,3s9d,1D,2,,https://physics.nist.gov/cgi-bin/ASBib1/get_ASBib_ref.cgi?db=tp&amp;db_id=6298&amp;comment_code=c72&amp;element=Mg&amp;spectr_charge=1&amp;ref=6298&amp;type=,https://physics.nist.gov/cgi-bin/ASBib1/get_ASBib_ref.cgi?db=el&amp;db_id=7428&amp;comment_code=&amp;element=Mg&amp;spectr_charge=1&amp;ref=7428&amp;type=
405.4689,405.4688,2,,,35 051.264,-,59 707.11,3s3p,1P°,1,3s9s,1S,0,,,https://physics.nist.gov/cgi-bin/ASBib1/get_ASBib_ref.cgi?db=el&amp;db_id=6095&amp;comment_code=&amp;element=Mg&amp;spectr_charge=1&amp;ref=6095&amp;type=
405.75052,405.75052,10,1.02e+07,C+,35 051.264,-,59 689.991,3s3p,1P°,1,3s8d,1D,2,,https://physics.nist.gov/cgi-bin/ASBib1/get_ASBib_ref.cgi?db=tp&amp;db_id=5539&amp;comment_code=&amp;element=Mg&amp;spectr_charge=1&amp;ref=5539&amp;type=,https://physics.nist.gov/cgi-bin/ASBib1/get_ASBib_ref.cgi?db=el&amp;db_id=7428&amp;comment_code=&amp;element=Mg&amp;spectr_charge=1&amp;ref=7428&amp;type=
,407.1729,,4.71e-04,B+,21 850.405,-,46 403.065,3s3p,3P°,0,3s3d,1D,2,M2,https://physics.nist.gov/cgi-bin/ASBib1/get_ASBib_ref.cgi?db=tp&amp;db_id=&amp;comment_code=c43&amp;element=Mg&amp;spectr_charge=1&amp;ref=&amp;type=M2,
,407.5058,,1.05e-03,B+,21 870.464,-,46 403.065,3s3p,3P°,1,3s3d,1D,2,M2,https://physics.nist.gov/cgi-bin/ASBib1/get_ASBib_ref.cgi?db=tp&amp;db_id=&amp;comment_code=c43&amp;element=Mg&amp;spectr_charge=1&amp;ref=&amp;type=M2,
407.5059,407.5058,3,,,21 870.464,-,46 403.065,3s3p,3P°,1,3s3d,1D,2,,,https://physics.nist.gov/cgi-bin/ASBib1/get_ASBib_ref.cgi?db=el&amp;db_id=6095&amp;comment_code=&amp;element=Mg&amp;spectr_charge=1&amp;ref=6095&amp;type=
,408.1832,,8.09e-04,B+,21 911.178,-,46 403.065,3s3p,3P°,2,3s3d,1D,2,M2,https://physics.nist.gov/cgi-bin/ASBib1/get_ASBib_ref.cgi?db=tp&amp;db_id=&amp;comment_code=c43&amp;element=Mg&amp;spectr_charge=1&amp;ref=&amp;type=M2,
408.1833,408.1832,2,,,21 911.178,-,46 403.065,3s3p,3P°,2,3s3d,1D,2,,,https://physics.nist.gov/cgi-bin/ASBib1/get_ASBib_ref.cgi?db=el&amp;db_id=6095&amp;comment_code=&amp;element=Mg&amp;spectr_charge=1&amp;ref=6095&amp;type=
,409.9787,,1.71e+06,D+,56 308.381,-,80 693.01,3s5d,1D,2,3p3d,1D°,2,,https://physics.nist.gov/cgi-bin/ASBib1/get_ASBib_ref.cgi?db=tp&amp;db_id=6298&amp;comment_code=c72&amp;element=Mg&amp;spectr_charge=1&amp;ref=6298&amp;type=,
416.5101,416.5101,4,,,35 051.264,-,59 053.52,3s3p,1P°,1,3s8s,1S,0,,,https://physics.nist.gov/cgi-bin/ASBib1/get_ASBib_ref.cgi?db=el&amp;db_id=6095&amp;comment_code=&amp;element=Mg&amp;spectr_charge=1&amp;ref=6095&amp;type=
416.72712,416.72713,15,1.38e+07,C+,35 051.264,-,59 041.019,3s3p,1P°,1,3s7d,1D,2,,https://physics.nist.gov/cgi-bin/ASBib1/get_ASBib_ref.cgi?db=tp&amp;db_id=5539&amp;comment_code=&amp;element=Mg&amp;spectr_charge=1&amp;ref=5539&amp;type=,https://physics.nist.gov/cgi-bin/ASBib1/get_ASBib_ref.cgi?db=el&amp;db_id=7428&amp;comment_code=&amp;element=Mg&amp;spectr_charge=1&amp;ref=7428&amp;type=
435.19056,435.19057,20,1.84e+07,B+,35 051.264,-,58 023.246,3s3p,1P°,1,3s6d,1D,2,,https://physics.nist.gov/cgi-bin/ASBib1/get_ASBib_ref.cgi?db=tp&amp;db_id=5539&amp;comment_code=&amp;element=Mg&amp;spectr_charge=1&amp;ref=5539&amp;type=,https://physics.nist.gov/cgi-bin/ASBib1/get_ASBib_ref.cgi?db=el&amp;db_id=7428&amp;comment_code=&amp;element=Mg&amp;spectr_charge=1&amp;ref=7428&amp;type=
435.4529,435.4528,6,,,35 051.264,-,58 009.41,3s3p,1P°,1,3s7s,1S,0,,,https://physics.nist.gov/cgi-bin/ASBib1/get_ASBib_ref.cgi?db=el&amp;db_id=6095&amp;comment_code=&amp;element=Mg&amp;spectr_charge=1&amp;ref=6095&amp;type=
438.0375,438.0376,6,,,35 051.264,-,57 873.94,3s3p,1P°,1,3p<sup>2</sup>,3P,2,,,https://physics.nist.gov/cgi-bin/ASBib1/get_ASBib_ref.cgi?db=el&amp;db_id=6095&amp;comment_code=&amp;element=Mg&amp;spectr_charge=1&amp;ref=6095&amp;type=
,440.9923,,7.68e+05,D+,58 023.246,-,80 693.01,3s6d,1D,2,3p3d,1D°,2,,https://physics.nist.gov/cgi-bin/ASBib1/get_ASBib_ref.cgi?db=tp&amp;db_id=6298&amp;comment_code=c72&amp;element=Mg&amp;spectr_charge=1&amp;ref=6298&amp;type=,
,456.2602,,3.98e-03,B+,0.000,-,21 911.178,2p63s2,1S,0,3s3p,3P°,2,M2,https://physics.nist.gov/cgi-bin/ASBib1/get_ASBib_ref.cgi?db=tp&amp;db_id=&amp;comment_code=c43&amp;element=Mg&amp;spectr_charge=1&amp;ref=&amp;type=M2,
457.10956,457.10956,28g,2.54e+02,D,0.000,-,21 870.464,2p63s2,1S,0,3s3p,3P°,1,,https://physics.nist.gov/cgi-bin/ASBib1/get_ASBib_ref.cgi?db=tp&amp;db_id=&amp;comment_code=c45&amp;element=Mg&amp;spectr_charge=1&amp;ref=&amp;type=,https://physics.nist.gov/cgi-bin/ASBib1/get_ASBib_ref.cgi?db=el&amp;db_id=7428&amp;comment_code=&amp;element=Mg&amp;spectr_charge=1&amp;ref=7428&amp;type=
,457.5292,,5.8e-04,D,0.000,-,21 850.405,2p63s2,1S,0,3s3p,3P°,0,,https://physics.nist.gov/cgi-bin/ASBib1/get_ASBib_ref.cgi?db=tp&amp;db_id=6298&amp;comment_code=c72&amp;element=Mg&amp;spectr_charge=1&amp;ref=6298&amp;type=,
462.1299,462.1301,3,,,21 870.464,-,43 503.333,3s3p,3P°,1,3s4s,1S,0,,,https://physics.nist.gov/cgi-bin/ASBib1/get_ASBib_ref.cgi?db=el&amp;db_id=6095&amp;comment_code=&amp;element=Mg&amp;spectr_charge=1&amp;ref=6095&amp;type=
,463.0015,,2.04e-03,B+,21 911.178,-,43 503.333,3s3p,3P°,2,3s4s,1S,0,M2,https://physics.nist.gov/cgi-bin/ASBib1/get_ASBib_ref.cgi?db=tp&amp;db_id=&amp;comment_code=c43&amp;element=Mg&amp;spectr_charge=1&amp;ref=&amp;type=M2,
470.29909,470.29908,30,2.19e+07,B+,35 051.264,-,56 308.381,3s3p,1P°,1,3s5d,1D,2,,https://physics.nist.gov/cgi-bin/ASBib1/get_ASBib_ref.cgi?db=tp&amp;db_id=5539&amp;comment_code=&amp;element=Mg&amp;spectr_charge=1&amp;ref=5539&amp;type=,https://physics.nist.gov/cgi-bin/ASBib1/get_ASBib_ref.cgi?db=el&amp;db_id=7428&amp;comment_code=&amp;element=Mg&amp;spectr_charge=1&amp;ref=7428&amp;type=
473.00285,473.00286,10,1.34e+06,C+,35 051.264,-,56 186.873,3s3p,1P°,1,3s6s,1S,0,,https://physics.nist.gov/cgi-bin/ASBib1/get_ASBib_ref.cgi?db=tp&amp;db_id=5539&amp;comment_code=&amp;element=Mg&amp;spectr_charge=1&amp;ref=5539&amp;type=,https://physics.nist.gov/cgi-bin/ASBib1/get_ASBib_ref.cgi?db=el&amp;db_id=7428&amp;comment_code=&amp;element=Mg&amp;spectr_charge=1&amp;ref=7428&amp;type=
516.73216,516.73213,42,1.13e+07,B+,21 850.405,-,41 197.403,3s3p,3P°,0,3s4s,3S,1,,https://physics.nist.gov/cgi-bin/ASBib1/get_ASBib_ref.cgi?db=tp&amp;db_id=&amp;comment_code=c45&amp;element=Mg&amp;spectr_charge=1&amp;ref=&amp;type=,https://physics.nist.gov/cgi-bin/ASBib1/get_ASBib_ref.cgi?db=el&amp;db_id=7428&amp;comment_code=&amp;element=Mg&amp;spectr_charge=1&amp;ref=7428&amp;type=
,517.2684,,3.46e-05,B,21 870.464,-,41 197.403,3s3p,3P°,1,3s4s,3S,1,M2,https://physics.nist.gov/cgi-bin/ASBib1/get_ASBib_ref.cgi?db=tp&amp;db_id=&amp;comment_code=c43&amp;element=Mg&amp;spectr_charge=1&amp;ref=&amp;type=M2,
517.26843,517.26844,44,3.37e+07,B+,21 870.464,-,41 197.403,3s3p,3P°,1,3s4s,3S,1,,https://physics.nist.gov/cgi-bin/ASBib1/get_ASBib_ref.cgi?db=tp&amp;db_id=&amp;comment_code=c45&amp;element=Mg&amp;spectr_charge=1&amp;ref=&amp;type=,https://physics.nist.gov/cgi-bin/ASBib1/get_ASBib_ref.cgi?db=el&amp;db_id=7428&amp;comment_code=&amp;element=Mg&amp;spectr_charge=1&amp;ref=7428&amp;type=
,518.3604,,1.02e-04,B,21 911.178,-,41 197.403,3s3p,3P°,2,3s4s,3S,1,M2,https://physics.nist.gov/cgi-bin/ASBib1/get_ASBib_ref.cgi?db=tp&amp;db_id=&amp;comment_code=c43&amp;element=Mg&amp;spectr_charge=1&amp;ref=&amp;type=M2,
518.36042,518.36043,45,5.61e+07,A,21 911.178,-,41 197.403,3s3p,3P°,2,3s4s,3S,1,,https://physics.nist.gov/cgi-bin/ASBib1/get_ASBib_ref.cgi?db=tp&amp;db_id=&amp;comment_code=c45&amp;element=Mg&amp;spectr_charge=1&amp;ref=&amp;type=,https://physics.nist.gov/cgi-bin/ASBib1/get_ASBib_ref.cgi?db=el&amp;db_id=7428&amp;comment_code=&amp;element=Mg&amp;spectr_charge=1&amp;ref=7428&amp;type=
534.5977,534.5976,1d*,,,41 197.403,-,59 897.86,3s4s,3S,1,3s9p,3P°,0,,,https://physics.nist.gov/cgi-bin/ASBib1/get_ASBib_ref.cgi?db=el&amp;db_id=6095&amp;comment_code=&amp;element=Mg&amp;spectr_charge=1&amp;ref=6095&amp;type=
534.5977,534.5976,1d*,,,41 197.403,-,59 897.86,3s4s,3S,1,3s9p,3P°,2,,,https://physics.nist.gov/cgi-bin/ASBib1/get_ASBib_ref.cgi?db=el&amp;db_id=6095&amp;comment_code=&amp;element=Mg&amp;spectr_charge=1&amp;ref=6095&amp;type=
534.5977,534.5976,1d*,,,41 197.403,-,59 897.86,3s4s,3S,1,3s9p,3P°,1,,,https://physics.nist.gov/cgi-bin/ASBib1/get_ASBib_ref.cgi?db=el&amp;db_id=6095&amp;comment_code=&amp;element=Mg&amp;spectr_charge=1&amp;ref=6095&amp;type=
550.9597,550.9597,2d*,,,41 197.403,-,59 342.51,3s4s,3S,1,3s8p,3P°,1,,,https://physics.nist.gov/cgi-bin/ASBib1/get_ASBib_ref.cgi?db=el&amp;db_id=6095&amp;comment_code=&amp;element=Mg&amp;spectr_charge=1&amp;ref=6095&amp;type=
550.9597,550.9597,2d*,,,41 197.403,-,59 342.51,3s4s,3S,1,3s8p,3P°,2,,,https://physics.nist.gov/cgi-bin/ASBib1/get_ASBib_ref.cgi?db=el&amp;db_id=6095&amp;comment_code=&amp;element=Mg&amp;spectr_charge=1&amp;ref=6095&amp;type=
550.9597,550.9597,2d*,,,41 197.403,-,59 342.51,3s4s,3S,1,3s8p,3P°,0,,,https://physics.nist.gov/cgi-bin/ASBib1/get_ASBib_ref.cgi?db=el&amp;db_id=6095&amp;comment_code=&amp;element=Mg&amp;spectr_charge=1&amp;ref=6095&amp;type=
552.84047,552.84047,40,1.39e+07,B+,35 051.264,-,53 134.642,3s3p,1P°,1,3s4d,1D,2,,https://physics.nist.gov/cgi-bin/ASBib1/get_ASBib_ref.cgi?db=tp&amp;db_id=5539&amp;comment_code=&amp;element=Mg&amp;spectr_charge=1&amp;ref=5539&amp;type=,https://physics.nist.gov/cgi-bin/ASBib1/get_ASBib_ref.cgi?db=el&amp;db_id=7428&amp;comment_code=&amp;element=Mg&amp;spectr_charge=1&amp;ref=7428&amp;type=
571.10880,571.10880,30,3.86e+06,B,35 051.264,-,52 556.206,3s3p,1P°,1,3s5s,1S,0,,https://physics.nist.gov/cgi-bin/ASBib1/get_ASBib_ref.cgi?db=tp&amp;db_id=5539&amp;comment_code=&amp;element=Mg&amp;spectr_charge=1&amp;ref=5539&amp;type=,https://physics.nist.gov/cgi-bin/ASBib1/get_ASBib_ref.cgi?db=el&amp;db_id=7428&amp;comment_code=&amp;element=Mg&amp;spectr_charge=1&amp;ref=7428&amp;type=
578.5312,578.5313,5,,,41 197.403,-,58 477.760,3s4s,3S,1,3s7p,3P°,2,,,https://physics.nist.gov/cgi-bin/ASBib1/get_ASBib_ref.cgi?db=el&amp;db_id=6095&amp;comment_code=&amp;element=Mg&amp;spectr_charge=1&amp;ref=6095&amp;type=
578.5560,578.5561,4,,,41 197.403,-,58 477.020,3s4s,3S,1,3s7p,3P°,1,,,https://physics.nist.gov/cgi-bin/ASBib1/get_ASBib_ref.cgi?db=el&amp;db_id=6095&amp;comment_code=&amp;element=Mg&amp;spectr_charge=1&amp;ref=6095&amp;type=
631.8716,631.8717,10,2.63e+05,D+,41 197.403,-,57 019.025,3s4s,3S,1,3s6p,3P°,2,,https://physics.nist.gov/cgi-bin/ASBib1/get_ASBib_ref.cgi?db=tp&amp;db_id=6298&amp;comment_code=c72&amp;element=Mg&amp;spectr_charge=1&amp;ref=6298&amp;type=,https://physics.nist.gov/cgi-bin/ASBib1/get_ASBib_ref.cgi?db=el&amp;db_id=6095&amp;comment_code=&amp;element=Mg&amp;spectr_charge=1&amp;ref=6095&amp;type=
631.9236,631.9237,9,2.64e+05,D,41 197.403,-,57 017.724,3s4s,3S,1,3s6p,3P°,1,,https://physics.nist.gov/cgi-bin/ASBib1/get_ASBib_ref.cgi?db=tp&amp;db_id=6298&amp;comment_code=c72&amp;element=Mg&amp;spectr_charge=1&amp;ref=6298&amp;type=,https://physics.nist.gov/cgi-bin/ASBib1/get_ASBib_ref.cgi?db=el&amp;db_id=6095&amp;comment_code=&amp;element=Mg&amp;spectr_charge=1&amp;ref=6095&amp;type=
631.9493,631.9495,7,2.63e+05,E,41 197.403,-,57 017.078,3s4s,3S,1,3s6p,3P°,0,,https://physics.nist.gov/cgi-bin/ASBib1/get_ASBib_ref.cgi?db=tp&amp;db_id=6298&amp;comment_code=c72&amp;element=Mg&amp;spectr_charge=1&amp;ref=6298&amp;type=,https://physics.nist.gov/cgi-bin/ASBib1/get_ASBib_ref.cgi?db=el&amp;db_id=6095&amp;comment_code=&amp;element=Mg&amp;spectr_charge=1&amp;ref=6095&amp;type=
663.0834,663.0833,2,,,43 503.333,-,58 580.23,3s4s,1S,0,3s7p,1P°,1,,,https://physics.nist.gov/cgi-bin/ASBib1/get_ASBib_ref.cgi?db=el&amp;db_id=6095&amp;comment_code=&amp;element=Mg&amp;spectr_charge=1&amp;ref=6095&amp;type=
689.4898,689.4918,4,,,46 403.065,-,60 902.50,3s3d,1D,2,3s12f,1F°,3,,,https://physics.nist.gov/cgi-bin/ASBib1/get_ASBib_ref.cgi?db=el&amp;db_id=6095&amp;comment_code=&amp;element=Mg&amp;spectr_charge=1&amp;ref=6095&amp;type=
696.5404,696.5409,6,,,46 403.065,-,60 755.764,3s3d,1D,2,3s11f,1F°,3,,,https://physics.nist.gov/cgi-bin/ASBib1/get_ASBib_ref.cgi?db=el&amp;db_id=6095&amp;comment_code=&amp;element=Mg&amp;spectr_charge=1&amp;ref=6095&amp;type=
706.0409,706.0414,8,8.51e+05,D,46 403.065,-,60 562.637,3s3d,1D,2,3s10f,1F°,3,,https://physics.nist.gov/cgi-bin/ASBib1/get_ASBib_ref.cgi?db=tp&amp;db_id=6298&amp;comment_code=c72&amp;element=Mg&amp;spectr_charge=1&amp;ref=6298&amp;type=,https://physics.nist.gov/cgi-bin/ASBib1/get_ASBib_ref.cgi?db=el&amp;db_id=6095&amp;comment_code=&amp;element=Mg&amp;spectr_charge=1&amp;ref=6095&amp;type=
719.3172,719.3184,10,1.18e+06,D,46 403.065,-,60 301.283,3s3d,1D,2,3s9f,1F°,3,,https://physics.nist.gov/cgi-bin/ASBib1/get_ASBib_ref.cgi?db=tp&amp;db_id=6298&amp;comment_code=c72&amp;element=Mg&amp;spectr_charge=1&amp;ref=6298&amp;type=,https://physics.nist.gov/cgi-bin/ASBib1/get_ASBib_ref.cgi?db=el&amp;db_id=6095&amp;comment_code=&amp;element=Mg&amp;spectr_charge=1&amp;ref=6095&amp;type=
729.1060,729.1055,10,6.27e+04,C+,43 503.333,-,57 214.992,3s4s,1S,0,3s6p,1P°,1,,https://physics.nist.gov/cgi-bin/ASBib1/get_ASBib_ref.cgi?db=tp&amp;db_id=5539&amp;comment_code=&amp;element=Mg&amp;spectr_charge=1&amp;ref=5539&amp;type=,https://physics.nist.gov/cgi-bin/ASBib1/get_ASBib_ref.cgi?db=el&amp;db_id=6095&amp;comment_code=&amp;element=Mg&amp;spectr_charge=1&amp;ref=6095&amp;type=
738.7004,738.7001,5,,,46 403.065,-,59 936.63,3s3d,1D,2,3s9p,1P°,1,,,https://physics.nist.gov/cgi-bin/ASBib1/get_ASBib_ref.cgi?db=el&amp;db_id=6095&amp;comment_code=&amp;element=Mg&amp;spectr_charge=1&amp;ref=6095&amp;type=
738.7685,738.7689,12,1.74e+06,C+,46 403.065,-,59 935.370,3s3d,1D,2,3s8f,1F°,3,,https://physics.nist.gov/cgi-bin/ASBib1/get_ASBib_ref.cgi?db=tp&amp;db_id=5539&amp;comment_code=&amp;element=Mg&amp;spectr_charge=1&amp;ref=5539&amp;type=,https://physics.nist.gov/cgi-bin/ASBib1/get_ASBib_ref.cgi?db=el&amp;db_id=6095&amp;comment_code=&amp;element=Mg&amp;spectr_charge=1&amp;ref=6095&amp;type=
,757.3180,,9.67e-05,D+,21 850.405,-,35 051.264,3s3p,3P°,0,3s3p,1P°,1,M1,https://physics.nist.gov/cgi-bin/ASBib1/get_ASBib_ref.cgi?db=tp&amp;db_id=&amp;comment_code=c43&amp;element=Mg&amp;spectr_charge=1&amp;ref=&amp;type=M1,
,758.4705,,7.22e-05,D+,21 870.464,-,35 051.264,3s3p,3P°,1,3s3p,1P°,1,M1,https://physics.nist.gov/cgi-bin/ASBib1/get_ASBib_ref.cgi?db=tp&amp;db_id=&amp;comment_code=c43&amp;element=Mg&amp;spectr_charge=1&amp;ref=&amp;type=M1,
,758.4705,,3.76e-05,C,21 870.464,-,35 051.264,3s3p,3P°,1,3s3p,1P°,1,E2,https://physics.nist.gov/cgi-bin/ASBib1/get_ASBib_ref.cgi?db=tp&amp;db_id=&amp;comment_code=c43&amp;element=Mg&amp;spectr_charge=1&amp;ref=&amp;type=E2,
,760.8206,,1.19e-04,D+,21 911.178,-,35 051.264,3s3p,3P°,2,3s3p,1P°,1,M1,https://physics.nist.gov/cgi-bin/ASBib1/get_ASBib_ref.cgi?db=tp&amp;db_id=&amp;comment_code=c43&amp;element=Mg&amp;spectr_charge=1&amp;ref=&amp;type=M1,
,760.8206,,2.65e-05,C,21 911.178,-,35 051.264,3s3p,3P°,2,3s3p,1P°,1,E2,https://physics.nist.gov/cgi-bin/ASBib1/get_ASBib_ref.cgi?db=tp&amp;db_id=&amp;comment_code=c43&amp;element=Mg&amp;spectr_charge=1&amp;ref=&amp;type=E2,
765.7603,765.7603,20,1.23e+06,C,41 197.403,-,54 252.726,3s4s,3S,1,3s5p,3P°,2,,https://physics.nist.gov/cgi-bin/ASBib1/get_ASBib_ref.cgi?db=tp&amp;db_id=6298&amp;comment_code=c72&amp;element=Mg&amp;spectr_charge=1&amp;ref=6298&amp;type=,https://physics.nist.gov/cgi-bin/ASBib1/get_ASBib_ref.cgi?db=el&amp;db_id=6095&amp;comment_code=&amp;element=Mg&amp;spectr_charge=1&amp;ref=6095&amp;type=
765.9152,765.9152,19,1.23e+06,C,41 197.403,-,54 250.086,3s4s,3S,1,3s5p,3P°,1,,https://physics.nist.gov/cgi-bin/ASBib1/get_ASBib_ref.cgi?db=tp&amp;db_id=6298&amp;comment_code=c72&amp;element=Mg&amp;spectr_charge=1&amp;ref=6298&amp;type=,https://physics.nist.gov/cgi-bin/ASBib1/get_ASBib_ref.cgi?db=el&amp;db_id=6095&amp;comment_code=&amp;element=Mg&amp;spectr_charge=1&amp;ref=6095&amp;type=
765.9902,765.9901,17,1.23e+06,D+,41 197.403,-,54 248.809,3s4s,3S,1,3s5p,3P°,0,,https://physics.nist.gov/cgi-bin/ASBib1/get_ASBib_ref.cgi?db=tp&amp;db_id=6298&amp;comment_code=c72&amp;element=Mg&amp;spectr_charge=1&amp;ref=6298&amp;type=,https://physics.nist.gov/cgi-bin/ASBib1/get_ASBib_ref.cgi?db=el&amp;db_id=6095&amp;comment_code=&amp;element=Mg&amp;spectr_charge=1&amp;ref=6095&amp;type=
769.0165,769.0123,8,,,46 403.065,-,59 403.18,3s3d,1D,2,3s8p,1P°,1,,,https://physics.nist.gov/cgi-bin/ASBib1/get_ASBib_ref.cgi?db=el&amp;db_id=6095&amp;comment_code=&amp;element=Mg&amp;spectr_charge=1&amp;ref=6095&amp;type=
769.1550,769.1553,15,2.66e+06,B,46 403.065,-,59 400.763,3s3d,1D,2,3s7f,1F°,3,,https://physics.nist.gov/cgi-bin/ASBib1/get_ASBib_ref.cgi?db=tp&amp;db_id=5539&amp;comment_code=&amp;element=Mg&amp;spectr_charge=1&amp;ref=5539&amp;type=,https://physics.nist.gov/cgi-bin/ASBib1/get_ASBib_ref.cgi?db=el&amp;db_id=6095&amp;comment_code=&amp;element=Mg&amp;spectr_charge=1&amp;ref=6095&amp;type=
772.2614,772.2583,1*,,,47 957.027,-,60 902.50,3s3d,3D,2,3s12f,3F°,3,,,https://physics.nist.gov/cgi-bin/ASBib1/get_ASBib_ref.cgi?db=el&amp;db_id=6095&amp;comment_code=&amp;element=Mg&amp;spectr_charge=1&amp;ref=6095&amp;type=
772.2614,772.2593,1*,,,47 957.045,-,60 902.50,3s3d,3D,3,3s12f,3F°,4,,,https://physics.nist.gov/cgi-bin/ASBib1/get_ASBib_ref.cgi?db=el&amp;db_id=6095&amp;comment_code=&amp;element=Mg&amp;spectr_charge=1&amp;ref=6095&amp;type=
772.2614,772.2601,1*,,,47 957.058,-,60 902.50,3s3d,3D,1,3s12f,3F°,2,,,https://physics.nist.gov/cgi-bin/ASBib1/get_ASBib_ref.cgi?db=el&amp;db_id=6095&amp;comment_code=&amp;element=Mg&amp;spectr_charge=1&amp;ref=6095&amp;type=
,774.6326,,6.09e-07,C+,35 051.264,-,47 957.058,3s3p,1P°,1,3s3d,3D,1,M2,https://physics.nist.gov/cgi-bin/ASBib1/get_ASBib_ref.cgi?db=tp&amp;db_id=&amp;comment_code=c43&amp;element=Mg&amp;spectr_charge=1&amp;ref=&amp;type=M2,
,774.6334,,2.20e-05,B+,35 051.264,-,47 957.045,3s3p,1P°,1,3s3d,3D,3,M2,https://physics.nist.gov/cgi-bin/ASBib1/get_ASBib_ref.cgi?db=tp&amp;db_id=&amp;comment_code=c43&amp;element=Mg&amp;spectr_charge=1&amp;ref=&amp;type=M2,
774.6343,774.6345,1,,,35 051.264,-,47 957.027,3s3p,1P°,1,3s3d,3D,2,,,https://physics.nist.gov/cgi-bin/ASBib1/get_ASBib_ref.cgi?db=el&amp;db_id=6095&amp;comment_code=&amp;element=Mg&amp;spectr_charge=1&amp;ref=6095&amp;type=
,774.6345,,5.48e-06,B,35 051.264,-,47 957.027,3s3p,1P°,1,3s3d,3D,2,M2,https://physics.nist.gov/cgi-bin/ASBib1/get_ASBib_ref.cgi?db=tp&amp;db_id=&amp;comment_code=c43&amp;element=Mg&amp;spectr_charge=1&amp;ref=&amp;type=M2,
775.9297,775.9298,1,,,47 851.162,-,60 735.38,3s4p,3P°,2,3s11d,3D,3,,,https://physics.nist.gov/cgi-bin/ASBib1/get_ASBib_ref.cgi?db=el&amp;db_id=6095&amp;comment_code=&amp;element=Mg&amp;spectr_charge=1&amp;ref=6095&amp;type=
,781.0413,,1.02e-05,D,35 051.264,-,47 851.162,3s3p,1P°,1,3s4p,3P°,2,M1,https://physics.nist.gov/cgi-bin/ASBib1/get_ASBib_ref.cgi?db=tp&amp;db_id=&amp;comment_code=c43&amp;element=Mg&amp;spectr_charge=1&amp;ref=&amp;type=M1,
,781.0413,,3.76e-05,C+,35 051.264,-,47 851.162,3s3p,1P°,1,3s4p,3P°,2,E2,https://physics.nist.gov/cgi-bin/ASBib1/get_ASBib_ref.cgi?db=tp&amp;db_id=&amp;comment_code=c43&amp;element=Mg&amp;spectr_charge=1&amp;ref=&amp;type=E2,
781.1135,781.1122,3*,,,47 957.027,-,60 755.764,3s3d,3D,2,3s11f,3F°,3,,,https://physics.nist.gov/cgi-bin/ASBib1/get_ASBib_ref.cgi?db=el&amp;db_id=6095&amp;comment_code=&amp;element=Mg&amp;spectr_charge=1&amp;ref=6095&amp;type=
781.1135,781.1133,3*,,,47 957.045,-,60 755.764,3s3d,3D,3,3s11f,3F°,4,,,https://physics.nist.gov/cgi-bin/ASBib1/get_ASBib_ref.cgi?db=el&amp;db_id=6095&amp;comment_code=&amp;element=Mg&amp;spectr_charge=1&amp;ref=6095&amp;type=
781.1135,781.1141,3*,,,47 957.058,-,60 755.764,3s3d,3D,1,3s11f,3F°,2,,,https://physics.nist.gov/cgi-bin/ASBib1/get_ASBib_ref.cgi?db=el&amp;db_id=6095&amp;comment_code=&amp;element=Mg&amp;spectr_charge=1&amp;ref=6095&amp;type=
,781.4533,,1.03e-05,D,35 051.264,-,47 844.414,3s3p,1P°,1,3s4p,3P°,1,M1,https://physics.nist.gov/cgi-bin/ASBib1/get_ASBib_ref.cgi?db=tp&amp;db_id=&amp;comment_code=c43&amp;element=Mg&amp;spectr_charge=1&amp;ref=&amp;type=M1,
,781.4533,,4.20e-04,C+,35 051.264,-,47 844.414,3s3p,1P°,1,3s4p,3P°,1,E2,https://physics.nist.gov/cgi-bin/ASBib1/get_ASBib_ref.cgi?db=tp&amp;db_id=&amp;comment_code=c43&amp;element=Mg&amp;spectr_charge=1&amp;ref=&amp;type=E2,
,781.6546,,4.11e-05,D,35 051.264,-,47 841.119,3s3p,1P°,1,3s4p,3P°,0,M1,https://physics.nist.gov/cgi-bin/ASBib1/get_ASBib_ref.cgi?db=tp&amp;db_id=&amp;comment_code=c43&amp;element=Mg&amp;spectr_charge=1&amp;ref=&amp;type=M1,
,787.543,,2.54e+05,E,47 841.119,-,60 535.34,3s4p,3P°,0,3s10d,3D,1,,https://physics.nist.gov/cgi-bin/ASBib1/get_ASBib_ref.cgi?db=tp&amp;db_id=6298&amp;comment_code=c72&amp;element=Mg&amp;spectr_charge=1&amp;ref=6298&amp;type=,
,787.748,,1.90e+05,E,47 844.414,-,60 535.34,3s4p,3P°,1,3s10d,3D,1,,https://physics.nist.gov/cgi-bin/ASBib1/get_ASBib_ref.cgi?db=tp&amp;db_id=6298&amp;comment_code=c72&amp;element=Mg&amp;spectr_charge=1&amp;ref=6298&amp;type=,
,787.748,,3.43e+05,E,47 844.414,-,60 535.34,3s4p,3P°,1,3s10d,3D,2,,https://physics.nist.gov/cgi-bin/ASBib1/get_ASBib_ref.cgi?db=tp&amp;db_id=6298&amp;comment_code=c72&amp;element=Mg&amp;spectr_charge=1&amp;ref=6298&amp;type=,
788.1667,788.1669,2,4.56e+05,D,47 851.162,-,60 535.34,3s4p,3P°,2,3s10d,3D,3,,https://physics.nist.gov/cgi-bin/ASBib1/get_ASBib_ref.cgi?db=tp&amp;db_id=6298&amp;comment_code=c72&amp;element=Mg&amp;spectr_charge=1&amp;ref=6298&amp;type=,https://physics.nist.gov/cgi-bin/ASBib1/get_ASBib_ref.cgi?db=el&amp;db_id=6095&amp;comment_code=&amp;element=Mg&amp;spectr_charge=1&amp;ref=6095&amp;type=
,788.167,,1.14e+05,E,47 851.162,-,60 535.34,3s4p,3P°,2,3s10d,3D,2,,https://physics.nist.gov/cgi-bin/ASBib1/get_ASBib_ref.cgi?db=tp&amp;db_id=6298&amp;comment_code=c72&amp;element=Mg&amp;spectr_charge=1&amp;ref=6298&amp;type=,
,788.167,,1.27e+04,E,47 851.162,-,60 535.34,3s4p,3P°,2,3s10d,3D,1,,https://physics.nist.gov/cgi-bin/ASBib1/get_ASBib_ref.cgi?db=tp&amp;db_id=6298&amp;comment_code=c72&amp;element=Mg&amp;spectr_charge=1&amp;ref=6298&amp;type=,
,793.0794,,8.41e+04,E,47 957.027,-,60 562.637,3s3d,3D,2,3s10f,3F°,2,,https://physics.nist.gov/cgi-bin/ASBib1/get_ASBib_ref.cgi?db=tp&amp;db_id=6298&amp;comment_code=c72&amp;element=Mg&amp;spectr_charge=1&amp;ref=6298&amp;type=,
793.0806,793.0794,7*,4.78e+05,D,47 957.027,-,60 562.637,3s3d,3D,2,3s10f,3F°,3,,https://physics.nist.gov/cgi-bin/ASBib1/get_ASBib_ref.cgi?db=tp&amp;db_id=6298&amp;comment_code=c72&amp;element=Mg&amp;spectr_charge=1&amp;ref=6298&amp;type=,https://physics.nist.gov/cgi-bin/ASBib1/get_ASBib_ref.cgi?db=el&amp;db_id=6095&amp;comment_code=&amp;element=Mg&amp;spectr_charge=1&amp;ref=6095&amp;type=
,793.0806,,6.00e+04,E,47 957.045,-,60 562.637,3s3d,3D,3,3s10f,3F°,3,,https://physics.nist.gov/cgi-bin/ASBib1/get_ASBib_ref.cgi?db=tp&amp;db_id=6298&amp;comment_code=c72&amp;element=Mg&amp;spectr_charge=1&amp;ref=6298&amp;type=,
793.0806,793.0806,7*,5.38e+05,D,47 957.045,-,60 562.637,3s3d,3D,3,3s10f,3F°,4,,https://physics.nist.gov/cgi-bin/ASBib1/get_ASBib_ref.cgi?db=tp&amp;db_id=6298&amp;comment_code=c72&amp;element=Mg&amp;spectr_charge=1&amp;ref=6298&amp;type=,https://physics.nist.gov/cgi-bin/ASBib1/get_ASBib_ref.cgi?db=el&amp;db_id=6095&amp;comment_code=&amp;element=Mg&amp;spectr_charge=1&amp;ref=6095&amp;type=
,793.0806,,2.37e+03,E,47 957.045,-,60 562.637,3s3d,3D,3,3s10f,3F°,2,,https://physics.nist.gov/cgi-bin/ASBib1/get_ASBib_ref.cgi?db=tp&amp;db_id=6298&amp;comment_code=c72&amp;element=Mg&amp;spectr_charge=1&amp;ref=6298&amp;type=,
793.0806,793.0814,7*,4.52e+05,D,47 957.058,-,60 562.637,3s3d,3D,1,3s10f,3F°,2,,https://physics.nist.gov/cgi-bin/ASBib1/get_ASBib_ref.cgi?db=tp&amp;db_id=6298&amp;comment_code=c72&amp;element=Mg&amp;spectr_charge=1&amp;ref=6298&amp;type=,https://physics.nist.gov/cgi-bin/ASBib1/get_ASBib_ref.cgi?db=el&amp;db_id=6095&amp;comment_code=&amp;element=Mg&amp;spectr_charge=1&amp;ref=6095&amp;type=
794.707,794.710,2,2.91e+04,E,47 841.119,-,60 420.87,3s4p,3P°,0,3s11s,3S,1,,https://physics.nist.gov/cgi-bin/ASBib1/get_ASBib_ref.cgi?db=tp&amp;db_id=6298&amp;comment_code=c72&amp;element=Mg&amp;spectr_charge=1&amp;ref=6298&amp;type=,https://physics.nist.gov/cgi-bin/ASBib1/get_ASBib_ref.cgi?db=el&amp;db_id=4832&amp;comment_code=&amp;element=Mg&amp;spectr_charge=1&amp;ref=4832&amp;type=
,794.918,,8.71e+04,D,47 844.414,-,60 420.87,3s4p,3P°,1,3s11s,3S,1,,https://physics.nist.gov/cgi-bin/ASBib1/get_ASBib_ref.cgi?db=tp&amp;db_id=6298&amp;comment_code=c72&amp;element=Mg&amp;spectr_charge=1&amp;ref=6298&amp;type=,
795.339,795.345,3,1.45e+05,D,47 851.162,-,60 420.87,3s4p,3P°,2,3s11s,3S,1,,https://physics.nist.gov/cgi-bin/ASBib1/get_ASBib_ref.cgi?db=tp&amp;db_id=6298&amp;comment_code=c72&amp;element=Mg&amp;spectr_charge=1&amp;ref=6298&amp;type=,https://physics.nist.gov/cgi-bin/ASBib1/get_ASBib_ref.cgi?db=el&amp;db_id=4832&amp;comment_code=&amp;element=Mg&amp;spectr_charge=1&amp;ref=4832&amp;type=
804.773,804.7720,3bl,3.53e+05,E,47 841.119,-,60 263.583,3s4p,3P°,0,3s9d,3D,1,,https://physics.nist.gov/cgi-bin/ASBib1/get_ASBib_ref.cgi?db=tp&amp;db_id=6298&amp;comment_code=c72&amp;element=Mg&amp;spectr_charge=1&amp;ref=6298&amp;type=,https://physics.nist.gov/cgi-bin/ASBib1/get_ASBib_ref.cgi?db=el&amp;db_id=6095&amp;comment_code=&amp;element=Mg&amp;spectr_charge=1&amp;ref=6095&amp;type=
804.9854,804.9855,5,4.78e+05,D,47 844.414,-,60 263.583,3s4p,3P°,1,3s9d,3D,2,,https://physics.nist.gov/cgi-bin/ASBib1/get_ASBib_ref.cgi?db=tp&amp;db_id=6298&amp;comment_code=c72&amp;element=Mg&amp;spectr_charge=1&amp;ref=6298&amp;type=,https://physics.nist.gov/cgi-bin/ASBib1/get_ASBib_ref.cgi?db=el&amp;db_id=6095&amp;comment_code=&amp;element=Mg&amp;spectr_charge=1&amp;ref=6095&amp;type=
,804.9855,,2.65e+05,E,47 844.414,-,60 263.583,3s4p,3P°,1,3s9d,3D,1,,https://physics.nist.gov/cgi-bin/ASBib1/get_ASBib_ref.cgi?db=tp&amp;db_id=6298&amp;comment_code=c72&amp;element=Mg&amp;spectr_charge=1&amp;ref=6298&amp;type=,
,805.4231,,1.59e+05,E,47 851.162,-,60 263.583,3s4p,3P°,2,3s9d,3D,2,,https://physics.nist.gov/cgi-bin/ASBib1/get_ASBib_ref.cgi?db=tp&amp;db_id=6298&amp;comment_code=c72&amp;element=Mg&amp;spectr_charge=1&amp;ref=6298&amp;type=,
,805.4231,,1.76e+04,E,47 851.162,-,60 263.583,3s4p,3P°,2,3s9d,3D,1,,https://physics.nist.gov/cgi-bin/ASBib1/get_ASBib_ref.cgi?db=tp&amp;db_id=6298&amp;comment_code=c72&amp;element=Mg&amp;spectr_charge=1&amp;ref=6298&amp;type=,
805.4232,805.4231,7,6.36e+05,D,47 851.162,-,60 263.583,3s4p,3P°,2,3s9d,3D,3,,https://physics.nist.gov/cgi-bin/ASBib1/get_ASBib_ref.cgi?db=tp&amp;db_id=6298&amp;comment_code=c72&amp;element=Mg&amp;spectr_charge=1&amp;ref=6298&amp;type=,https://physics.nist.gov/cgi-bin/ASBib1/get_ASBib_ref.cgi?db=el&amp;db_id=6095&amp;comment_code=&amp;element=Mg&amp;spectr_charge=1&amp;ref=6095&amp;type=
,809.8707,,1.20e+05,E,47 957.027,-,60 301.283,3s3d,3D,2,3s9f,3F°,2,,https://physics.nist.gov/cgi-bin/ASBib1/get_ASBib_ref.cgi?db=tp&amp;db_id=6298&amp;comment_code=c72&amp;element=Mg&amp;spectr_charge=1&amp;ref=6298&amp;type=,
,809.8719,,8.55e+04,E,47 957.045,-,60 301.283,3s3d,3D,3,3s9f,3F°,3,,https://physics.nist.gov/cgi-bin/ASBib1/get_ASBib_ref.cgi?db=tp&amp;db_id=6298&amp;comment_code=c72&amp;element=Mg&amp;spectr_charge=1&amp;ref=6298&amp;type=,
,809.8719,,3.37e+03,E,47 957.045,-,60 301.283,3s3d,3D,3,3s9f,3F°,2,,https://physics.nist.gov/cgi-bin/ASBib1/get_ASBib_ref.cgi?db=tp&amp;db_id=6298&amp;comment_code=c72&amp;element=Mg&amp;spectr_charge=1&amp;ref=6298&amp;type=,
809.8724,809.8707,10*,6.82e+05,D,47 957.027,-,60 301.283,3s3d,3D,2,3s9f,3F°,3,,https://physics.nist.gov/cgi-bin/ASBib1/get_ASBib_ref.cgi?db=tp&amp;db_id=6298&amp;comment_code=c72&amp;element=Mg&amp;spectr_charge=1&amp;ref=6298&amp;type=,https://physics.nist.gov/cgi-bin/ASBib1/get_ASBib_ref.cgi?db=el&amp;db_id=6095&amp;comment_code=&amp;element=Mg&amp;spectr_charge=1&amp;ref=6095&amp;type=
809.8724,809.8719,10*,7.68e+05,D+,47 957.045,-,60 301.283,3s3d,3D,3,3s9f,3F°,4,,https://physics.nist.gov/cgi-bin/ASBib1/get_ASBib_ref.cgi?db=tp&amp;db_id=6298&amp;comment_code=c72&amp;element=Mg&amp;spectr_charge=1&amp;ref=6298&amp;type=,https://physics.nist.gov/cgi-bin/ASBib1/get_ASBib_ref.cgi?db=el&amp;db_id=6095&amp;comment_code=&amp;element=Mg&amp;spectr_charge=1&amp;ref=6095&amp;type=
809.8724,809.8727,10*,6.46e+05,D,47 957.058,-,60 301.283,3s3d,3D,1,3s9f,3F°,2,,https://physics.nist.gov/cgi-bin/ASBib1/get_ASBib_ref.cgi?db=tp&amp;db_id=6298&amp;comment_code=c72&amp;element=Mg&amp;spectr_charge=1&amp;ref=6298&amp;type=,https://physics.nist.gov/cgi-bin/ASBib1/get_ASBib_ref.cgi?db=el&amp;db_id=6095&amp;comment_code=&amp;element=Mg&amp;spectr_charge=1&amp;ref=6095&amp;type=
815.4644,815.4640,1,,,47 844.414,-,60 104.00,3s4p,3P°,1,3s10s,3S,1,,,https://physics.nist.gov/cgi-bin/ASBib1/get_ASBib_ref.cgi?db=el&amp;db_id=6095&amp;comment_code=&amp;element=Mg&amp;spectr_charge=1&amp;ref=6095&amp;type=
815.9132,815.9131,2,,,47 851.162,-,60 104.00,3s4p,3P°,2,3s10s,3S,1,,,https://physics.nist.gov/cgi-bin/ASBib1/get_ASBib_ref.cgi?db=el&amp;db_id=6095&amp;comment_code=&amp;element=Mg&amp;spectr_charge=1&amp;ref=6095&amp;type=
820.9839,820.9835,10,1.81e+05,C,46 403.065,-,58 580.23,3s3d,1D,2,3s7p,1P°,1,,https://physics.nist.gov/cgi-bin/ASBib1/get_ASBib_ref.cgi?db=tp&amp;db_id=5539&amp;comment_code=&amp;element=Mg&amp;spectr_charge=1&amp;ref=5539&amp;type=,https://physics.nist.gov/cgi-bin/ASBib1/get_ASBib_ref.cgi?db=el&amp;db_id=6095&amp;comment_code=&amp;element=Mg&amp;spectr_charge=1&amp;ref=6095&amp;type=
821.3034,821.3041,20,4.38e+06,B+,46 403.065,-,58 575.477,3s3d,1D,2,3s6f,1F°,3,,https://physics.nist.gov/cgi-bin/ASBib1/get_ASBib_ref.cgi?db=tp&amp;db_id=5539&amp;comment_code=&amp;element=Mg&amp;spectr_charge=1&amp;ref=5539&amp;type=,https://physics.nist.gov/cgi-bin/ASBib1/get_ASBib_ref.cgi?db=el&amp;db_id=6095&amp;comment_code=&amp;element=Mg&amp;spectr_charge=1&amp;ref=6095&amp;type=
830.3313,830.3313,7,5.16e+05,E,47 841.119,-,59 881.196,3s4p,3P°,0,3s8d,3D,1,,https://physics.nist.gov/cgi-bin/ASBib1/get_ASBib_ref.cgi?db=tp&amp;db_id=6298&amp;comment_code=c72&amp;element=Mg&amp;spectr_charge=1&amp;ref=6298&amp;type=,https://physics.nist.gov/cgi-bin/ASBib1/get_ASBib_ref.cgi?db=el&amp;db_id=6095&amp;comment_code=&amp;element=Mg&amp;spectr_charge=1&amp;ref=6095&amp;type=
,830.5586,,3.87e+05,E,47 844.414,-,59 881.196,3s4p,3P°,1,3s8d,3D,1,,https://physics.nist.gov/cgi-bin/ASBib1/get_ASBib_ref.cgi?db=tp&amp;db_id=6298&amp;comment_code=c72&amp;element=Mg&amp;spectr_charge=1&amp;ref=6298&amp;type=,
830.5596,830.5596,9,9.28e+05,C+,47 844.414,-,59 881.181,3s4p,3P°,1,3s8d,3D,2,,https://physics.nist.gov/cgi-bin/ASBib1/get_ASBib_ref.cgi?db=tp&amp;db_id=5539&amp;comment_code=&amp;element=Mg&amp;spectr_charge=1&amp;ref=5539&amp;type=,https://physics.nist.gov/cgi-bin/ASBib1/get_ASBib_ref.cgi?db=el&amp;db_id=6095&amp;comment_code=&amp;element=Mg&amp;spectr_charge=1&amp;ref=6095&amp;type=
,831.0244,,2.57e+04,E,47 851.162,-,59 881.196,3s4p,3P°,2,3s8d,3D,1,,https://physics.nist.gov/cgi-bin/ASBib1/get_ASBib_ref.cgi?db=tp&amp;db_id=6298&amp;comment_code=c72&amp;element=Mg&amp;spectr_charge=1&amp;ref=6298&amp;type=,
,831.0255,,2.32e+05,E,47 851.162,-,59 881.181,3s4p,3P°,2,3s8d,3D,2,,https://physics.nist.gov/cgi-bin/ASBib1/get_ASBib_ref.cgi?db=tp&amp;db_id=6298&amp;comment_code=c72&amp;element=Mg&amp;spectr_charge=1&amp;ref=6298&amp;type=,
831.0264,831.0264,10,9.24e+05,D+,47 851.162,-,59 881.168,3s4p,3P°,2,3s8d,3D,3,,https://physics.nist.gov/cgi-bin/ASBib1/get_ASBib_ref.cgi?db=tp&amp;db_id=6298&amp;comment_code=c72&amp;element=Mg&amp;spectr_charge=1&amp;ref=6298&amp;type=,https://physics.nist.gov/cgi-bin/ASBib1/get_ASBib_ref.cgi?db=el&amp;db_id=6095&amp;comment_code=&amp;element=Mg&amp;spectr_charge=1&amp;ref=6095&amp;type=
,834.6106,,1.79e+05,E,47 957.027,-,59 935.370,3s3d,3D,2,3s8f,3F°,2,,https://physics.nist.gov/cgi-bin/ASBib1/get_ASBib_ref.cgi?db=tp&amp;db_id=6298&amp;comment_code=c72&amp;element=Mg&amp;spectr_charge=1&amp;ref=6298&amp;type=,
,834.6119,,5.04e+03,E,47 957.045,-,59 935.370,3s3d,3D,3,3s8f,3F°,2,,https://physics.nist.gov/cgi-bin/ASBib1/get_ASBib_ref.cgi?db=tp&amp;db_id=6298&amp;comment_code=c72&amp;element=Mg&amp;spectr_charge=1&amp;ref=6298&amp;type=,
,834.6119,,1.27e+05,E,47 957.045,-,59 935.370,3s3d,3D,3,3s8f,3F°,3,,https://physics.nist.gov/cgi-bin/ASBib1/get_ASBib_ref.cgi?db=tp&amp;db_id=6298&amp;comment_code=c72&amp;element=Mg&amp;spectr_charge=1&amp;ref=6298&amp;type=,
834.6120,834.6106,15*,1.02e+06,D+,47 957.027,-,59 935.370,3s3d,3D,2,3s8f,3F°,3,,https://physics.nist.gov/cgi-bin/ASBib1/get_ASBib_ref.cgi?db=tp&amp;db_id=6298&amp;comment_code=c72&amp;element=Mg&amp;spectr_charge=1&amp;ref=6298&amp;type=,https://physics.nist.gov/cgi-bin/ASBib1/get_ASBib_ref.cgi?db=el&amp;db_id=6095&amp;comment_code=&amp;element=Mg&amp;spectr_charge=1&amp;ref=6095&amp;type=
834.6120,834.6119,15*,1.15e+06,D+,47 957.045,-,59 935.370,3s3d,3D,3,3s8f,3F°,4,,https://physics.nist.gov/cgi-bin/ASBib1/get_ASBib_ref.cgi?db=tp&amp;db_id=6298&amp;comment_code=c72&amp;element=Mg&amp;spectr_charge=1&amp;ref=6298&amp;type=,https://physics.nist.gov/cgi-bin/ASBib1/get_ASBib_ref.cgi?db=el&amp;db_id=6095&amp;comment_code=&amp;element=Mg&amp;spectr_charge=1&amp;ref=6095&amp;type=
834.6120,834.6128,15*,9.59e+05,D,47 957.058,-,59 935.370,3s3d,3D,1,3s8f,3F°,2,,https://physics.nist.gov/cgi-bin/ASBib1/get_ASBib_ref.cgi?db=tp&amp;db_id=6298&amp;comment_code=c72&amp;element=Mg&amp;spectr_charge=1&amp;ref=6298&amp;type=,https://physics.nist.gov/cgi-bin/ASBib1/get_ASBib_ref.cgi?db=el&amp;db_id=6095&amp;comment_code=&amp;element=Mg&amp;spectr_charge=1&amp;ref=6095&amp;type=
846.6483,846.6486,2,,,47 841.119,-,59 649.15,3s4p,3P°,0,3s9s,3S,1,,,https://physics.nist.gov/cgi-bin/ASBib1/get_ASBib_ref.cgi?db=el&amp;db_id=6095&amp;comment_code=&amp;element=Mg&amp;spectr_charge=1&amp;ref=6095&amp;type=
846.8845,846.8849,5,,,47 844.414,-,59 649.15,3s4p,3P°,1,3s9s,3S,1,,,https://physics.nist.gov/cgi-bin/ASBib1/get_ASBib_ref.cgi?db=el&amp;db_id=6095&amp;comment_code=&amp;element=Mg&amp;spectr_charge=1&amp;ref=6095&amp;type=
847.3694,847.3693,7,,,47 851.162,-,59 649.15,3s4p,3P°,2,3s9s,3S,1,,,https://physics.nist.gov/cgi-bin/ASBib1/get_ASBib_ref.cgi?db=el&amp;db_id=6095&amp;comment_code=&amp;element=Mg&amp;spectr_charge=1&amp;ref=6095&amp;type=
860.971,860.973,3d,,,49 346.729,-,60 958.31,3s4p,1P°,1,3s13d,1D,2,,,https://physics.nist.gov/cgi-bin/ASBib1/get_ASBib_ref.cgi?db=el&amp;db_id=4832&amp;comment_code=&amp;element=Mg&amp;spectr_charge=1&amp;ref=4832&amp;type=
870.714,870.713,5,,,49 346.729,-,60 828.41,3s4p,1P°,1,3s12d,1D,2,,,https://physics.nist.gov/cgi-bin/ASBib1/get_ASBib_ref.cgi?db=el&amp;db_id=4832&amp;comment_code=&amp;element=Mg&amp;spectr_charge=1&amp;ref=4832&amp;type=
871.0175,871.0174,10,7.97e+05,D,47 841.119,-,59 318.793,3s4p,3P°,0,3s7d,3D,1,,https://physics.nist.gov/cgi-bin/ASBib1/get_ASBib_ref.cgi?db=tp&amp;db_id=6298&amp;comment_code=c72&amp;element=Mg&amp;spectr_charge=1&amp;ref=6298&amp;type=,https://physics.nist.gov/cgi-bin/ASBib1/get_ASBib_ref.cgi?db=el&amp;db_id=6095&amp;comment_code=&amp;element=Mg&amp;spectr_charge=1&amp;ref=6095&amp;type=
,871.2676,,5.98e+05,D,47 844.414,-,59 318.793,3s4p,3P°,1,3s7d,3D,1,,https://physics.nist.gov/cgi-bin/ASBib1/get_ASBib_ref.cgi?db=tp&amp;db_id=6298&amp;comment_code=c72&amp;element=Mg&amp;spectr_charge=1&amp;ref=6298&amp;type=,
871.2689,871.2689,12,1.07e+06,D+,47 844.414,-,59 318.775,3s4p,3P°,1,3s7d,3D,2,,https://physics.nist.gov/cgi-bin/ASBib1/get_ASBib_ref.cgi?db=tp&amp;db_id=6298&amp;comment_code=c72&amp;element=Mg&amp;spectr_charge=1&amp;ref=6298&amp;type=,https://physics.nist.gov/cgi-bin/ASBib1/get_ASBib_ref.cgi?db=el&amp;db_id=6095&amp;comment_code=&amp;element=Mg&amp;spectr_charge=1&amp;ref=6095&amp;type=
,871.7803,,3.98e+04,E,47 851.162,-,59 318.793,3s4p,3P°,2,3s7d,3D,1,,https://physics.nist.gov/cgi-bin/ASBib1/get_ASBib_ref.cgi?db=tp&amp;db_id=6298&amp;comment_code=c72&amp;element=Mg&amp;spectr_charge=1&amp;ref=6298&amp;type=,
,871.7816,,3.58e+05,D,47 851.162,-,59 318.775,3s4p,3P°,2,3s7d,3D,2,,https://physics.nist.gov/cgi-bin/ASBib1/get_ASBib_ref.cgi?db=tp&amp;db_id=6298&amp;comment_code=c72&amp;element=Mg&amp;spectr_charge=1&amp;ref=6298&amp;type=,
871.7825,871.7825,13,1.43e+06,D+,47 851.162,-,59 318.764,3s4p,3P°,2,3s7d,3D,3,,https://physics.nist.gov/cgi-bin/ASBib1/get_ASBib_ref.cgi?db=tp&amp;db_id=6298&amp;comment_code=c72&amp;element=Mg&amp;spectr_charge=1&amp;ref=6298&amp;type=,https://physics.nist.gov/cgi-bin/ASBib1/get_ASBib_ref.cgi?db=el&amp;db_id=6095&amp;comment_code=&amp;element=Mg&amp;spectr_charge=1&amp;ref=6095&amp;type=
,873.6006,,2.86e+05,E,47 957.027,-,59 400.763,3s3d,3D,2,3s7f,3F°,2,,https://physics.nist.gov/cgi-bin/ASBib1/get_ASBib_ref.cgi?db=tp&amp;db_id=6298&amp;comment_code=c72&amp;element=Mg&amp;spectr_charge=1&amp;ref=6298&amp;type=,
,873.6020,,2.04e+05,E,47 957.045,-,59 400.763,3s3d,3D,3,3s7f,3F°,3,,https://physics.nist.gov/cgi-bin/ASBib1/get_ASBib_ref.cgi?db=tp&amp;db_id=6298&amp;comment_code=c72&amp;element=Mg&amp;spectr_charge=1&amp;ref=6298&amp;type=,
,873.6020,,8.05e+03,E,47 957.045,-,59 400.763,3s3d,3D,3,3s7f,3F°,2,,https://physics.nist.gov/cgi-bin/ASBib1/get_ASBib_ref.cgi?db=tp&amp;db_id=6298&amp;comment_code=c72&amp;element=Mg&amp;spectr_charge=1&amp;ref=6298&amp;type=,
873.6021,873.6006,17*,1.62e+06,D+,47 957.027,-,59 400.763,3s3d,3D,2,3s7f,3F°,3,,https://physics.nist.gov/cgi-bin/ASBib1/get_ASBib_ref.cgi?db=tp&amp;db_id=6298&amp;comment_code=c72&amp;element=Mg&amp;spectr_charge=1&amp;ref=6298&amp;type=,https://physics.nist.gov/cgi-bin/ASBib1/get_ASBib_ref.cgi?db=el&amp;db_id=6095&amp;comment_code=&amp;element=Mg&amp;spectr_charge=1&amp;ref=6095&amp;type=
873.6021,873.6020,17*,1.83e+06,C,47 957.045,-,59 400.763,3s3d,3D,3,3s7f,3F°,4,,https://physics.nist.gov/cgi-bin/ASBib1/get_ASBib_ref.cgi?db=tp&amp;db_id=6298&amp;comment_code=c72&amp;element=Mg&amp;spectr_charge=1&amp;ref=6298&amp;type=,https://physics.nist.gov/cgi-bin/ASBib1/get_ASBib_ref.cgi?db=el&amp;db_id=6095&amp;comment_code=&amp;element=Mg&amp;spectr_charge=1&amp;ref=6095&amp;type=
873.6021,873.6029,17*,1.54e+06,D+,47 957.058,-,59 400.763,3s3d,3D,1,3s7f,3F°,2,,https://physics.nist.gov/cgi-bin/ASBib1/get_ASBib_ref.cgi?db=tp&amp;db_id=6298&amp;comment_code=c72&amp;element=Mg&amp;spectr_charge=1&amp;ref=6298&amp;type=,https://physics.nist.gov/cgi-bin/ASBib1/get_ASBib_ref.cgi?db=el&amp;db_id=6095&amp;comment_code=&amp;element=Mg&amp;spectr_charge=1&amp;ref=6095&amp;type=
,880.6756,,6.29e-06,B,35 051.264,-,46 403.065,3s3p,1P°,1,3s3d,1D,2,M2,https://physics.nist.gov/cgi-bin/ASBib1/get_ASBib_ref.cgi?db=tp&amp;db_id=&amp;comment_code=c43&amp;element=Mg&amp;spectr_charge=1&amp;ref=&amp;type=M2,
880.6757,880.6756,50,1.27e+07,A,35 051.264,-,46 403.065,3s3p,1P°,1,3s3d,1D,2,,https://physics.nist.gov/cgi-bin/ASBib1/get_ASBib_ref.cgi?db=tp&amp;db_id=&amp;comment_code=c45&amp;element=Mg&amp;spectr_charge=1&amp;ref=&amp;type=,https://physics.nist.gov/cgi-bin/ASBib1/get_ASBib_ref.cgi?db=el&amp;db_id=6095&amp;comment_code=&amp;element=Mg&amp;spectr_charge=1&amp;ref=6095&amp;type=
883.705,883.699,5d,,,49 346.729,-,60 659.69,3s4p,1P°,1,3s11d,1D,2,,,https://physics.nist.gov/cgi-bin/ASBib1/get_ASBib_ref.cgi?db=el&amp;db_id=4832&amp;comment_code=&amp;element=Mg&amp;spectr_charge=1&amp;ref=4832&amp;type=
892.3569,892.3569,20,5.86e+05,B,43 503.333,-,54 706.536,3s4s,1S,0,3s5p,1P°,1,,https://physics.nist.gov/cgi-bin/ASBib1/get_ASBib_ref.cgi?db=tp&amp;db_id=5539&amp;comment_code=&amp;element=Mg&amp;spectr_charge=1&amp;ref=5539&amp;type=,https://physics.nist.gov/cgi-bin/ASBib1/get_ASBib_ref.cgi?db=el&amp;db_id=6095&amp;comment_code=&amp;element=Mg&amp;spectr_charge=1&amp;ref=6095&amp;type=
898.9026,898.9028,7,,,47 841.119,-,58 962.739,3s4p,3P°,0,3s8s,3S,1,,,https://physics.nist.gov/cgi-bin/ASBib1/get_ASBib_ref.cgi?db=el&amp;db_id=6095&amp;comment_code=&amp;element=Mg&amp;spectr_charge=1&amp;ref=6095&amp;type=
899.1692,899.1692,9,,,47 844.414,-,58 962.739,3s4p,3P°,1,3s8s,3S,1,,,https://physics.nist.gov/cgi-bin/ASBib1/get_ASBib_ref.cgi?db=el&amp;db_id=6095&amp;comment_code=&amp;element=Mg&amp;spectr_charge=1&amp;ref=6095&amp;type=
899.7156,899.7153,10,,,47 851.162,-,58 962.739,3s4p,3P°,2,3s8s,3S,1,,,https://physics.nist.gov/cgi-bin/ASBib1/get_ASBib_ref.cgi?db=el&amp;db_id=6095&amp;comment_code=&amp;element=Mg&amp;spectr_charge=1&amp;ref=6095&amp;type=
901.601,901.598,6,,,49 346.729,-,60 435.099,3s4p,1P°,1,3s10d,1D,2,,,https://physics.nist.gov/cgi-bin/ASBib1/get_ASBib_ref.cgi?db=el&amp;db_id=4832&amp;comment_code=&amp;element=Mg&amp;spectr_charge=1&amp;ref=4832&amp;type=
924.6499,924.6508,12,2.99e+05,B,46 403.065,-,57 214.992,3s3d,1D,2,3s6p,1P°,1,,https://physics.nist.gov/cgi-bin/ASBib1/get_ASBib_ref.cgi?db=tp&amp;db_id=5539&amp;comment_code=&amp;element=Mg&amp;spectr_charge=1&amp;ref=5539&amp;type=,https://physics.nist.gov/cgi-bin/ASBib1/get_ASBib_ref.cgi?db=el&amp;db_id=6095&amp;comment_code=&amp;element=Mg&amp;spectr_charge=1&amp;ref=6095&amp;type=
925.5778,925.5778,30,7.95e+06,B+,46 403.065,-,57 204.163,3s3d,1D,2,3s5f,1F°,3,,https://physics.nist.gov/cgi-bin/ASBib1/get_ASBib_ref.cgi?db=tp&amp;db_id=5539&amp;comment_code=&amp;element=Mg&amp;spectr_charge=1&amp;ref=5539&amp;type=,https://physics.nist.gov/cgi-bin/ASBib1/get_ASBib_ref.cgi?db=el&amp;db_id=6095&amp;comment_code=&amp;element=Mg&amp;spectr_charge=1&amp;ref=6095&amp;type=
925.974,925.972,8,,,49 346.729,-,60 143.23,3s4p,1P°,1,3s10s,1S,0,,,https://physics.nist.gov/cgi-bin/ASBib1/get_ASBib_ref.cgi?db=el&amp;db_id=4832&amp;comment_code=&amp;element=Mg&amp;spectr_charge=1&amp;ref=4832&amp;type=
927.344,927.3454,9,,,49 346.729,-,60 127.239,3s4p,1P°,1,3s9d,1D,2,,,https://physics.nist.gov/cgi-bin/ASBib1/get_ASBib_ref.cgi?db=el&amp;db_id=4832&amp;comment_code=&amp;element=Mg&amp;spectr_charge=1&amp;ref=4832&amp;type=
,941.4943,,5.05e+05,C,47 957.027,-,58 575.527,3s3d,3D,2,3s6f,3F°,2,,https://physics.nist.gov/cgi-bin/ASBib1/get_ASBib_ref.cgi?db=tp&amp;db_id=6298&amp;comment_code=c72&amp;element=Mg&amp;spectr_charge=1&amp;ref=6298&amp;type=,
,941.4959,,3.61e+05,C,47 957.045,-,58 575.527,3s3d,3D,3,3s6f,3F°,3,,https://physics.nist.gov/cgi-bin/ASBib1/get_ASBib_ref.cgi?db=tp&amp;db_id=6298&amp;comment_code=c72&amp;element=Mg&amp;spectr_charge=1&amp;ref=6298&amp;type=,
,941.4959,,1.42e+04,E,47 957.045,-,58 575.527,3s3d,3D,3,3s6f,3F°,2,,https://physics.nist.gov/cgi-bin/ASBib1/get_ASBib_ref.cgi?db=tp&amp;db_id=6298&amp;comment_code=c72&amp;element=Mg&amp;spectr_charge=1&amp;ref=6298&amp;type=,
941.4964,941.4943,25*,2.88e+06,C+,47 957.027,-,58 575.527,3s3d,3D,2,3s6f,3F°,3,,https://physics.nist.gov/cgi-bin/ASBib1/get_ASBib_ref.cgi?db=tp&amp;db_id=6298&amp;comment_code=c72&amp;element=Mg&amp;spectr_charge=1&amp;ref=6298&amp;type=,https://physics.nist.gov/cgi-bin/ASBib1/get_ASBib_ref.cgi?db=el&amp;db_id=6095&amp;comment_code=&amp;element=Mg&amp;spectr_charge=1&amp;ref=6095&amp;type=
941.4964,941.4959,25*,3.24e+06,B,47 957.045,-,58 575.527,3s3d,3D,3,3s6f,3F°,4,,https://physics.nist.gov/cgi-bin/ASBib1/get_ASBib_ref.cgi?db=tp&amp;db_id=6298&amp;comment_code=c72&amp;element=Mg&amp;spectr_charge=1&amp;ref=6298&amp;type=,https://physics.nist.gov/cgi-bin/ASBib1/get_ASBib_ref.cgi?db=el&amp;db_id=6095&amp;comment_code=&amp;element=Mg&amp;spectr_charge=1&amp;ref=6095&amp;type=
941.4964,941.4970,25*,2.72e+06,C+,47 957.058,-,58 575.527,3s3d,3D,1,3s6f,3F°,2,,https://physics.nist.gov/cgi-bin/ASBib1/get_ASBib_ref.cgi?db=tp&amp;db_id=6298&amp;comment_code=c72&amp;element=Mg&amp;spectr_charge=1&amp;ref=6298&amp;type=,https://physics.nist.gov/cgi-bin/ASBib1/get_ASBib_ref.cgi?db=el&amp;db_id=6095&amp;comment_code=&amp;element=Mg&amp;spectr_charge=1&amp;ref=6095&amp;type=
942.9814,942.9814,17,1.34e+06,C,47 841.119,-,58 442.874,3s4p,3P°,0,3s6d,3D,1,,https://physics.nist.gov/cgi-bin/ASBib1/get_ASBib_ref.cgi?db=tp&amp;db_id=6298&amp;comment_code=c72&amp;element=Mg&amp;spectr_charge=1&amp;ref=6298&amp;type=,https://physics.nist.gov/cgi-bin/ASBib1/get_ASBib_ref.cgi?db=el&amp;db_id=6095&amp;comment_code=&amp;element=Mg&amp;spectr_charge=1&amp;ref=6095&amp;type=
,943.2745,,1.00e+06,C,47 844.414,-,58 442.874,3s4p,3P°,1,3s6d,3D,1,,https://physics.nist.gov/cgi-bin/ASBib1/get_ASBib_ref.cgi?db=tp&amp;db_id=6298&amp;comment_code=c72&amp;element=Mg&amp;spectr_charge=1&amp;ref=6298&amp;type=,
943.2764,943.2764,19,1.81e+06,C+,47 844.414,-,58 442.853,3s4p,3P°,1,3s6d,3D,2,,https://physics.nist.gov/cgi-bin/ASBib1/get_ASBib_ref.cgi?db=tp&amp;db_id=6298&amp;comment_code=c72&amp;element=Mg&amp;spectr_charge=1&amp;ref=6298&amp;type=,https://physics.nist.gov/cgi-bin/ASBib1/get_ASBib_ref.cgi?db=el&amp;db_id=6095&amp;comment_code=&amp;element=Mg&amp;spectr_charge=1&amp;ref=6095&amp;type=
,943.8755,,6.68e+04,D,47 851.162,-,58 442.874,3s4p,3P°,2,3s6d,3D,1,,https://physics.nist.gov/cgi-bin/ASBib1/get_ASBib_ref.cgi?db=tp&amp;db_id=6298&amp;comment_code=c72&amp;element=Mg&amp;spectr_charge=1&amp;ref=6298&amp;type=,
,943.8774,,6.01e+05,C,47 851.162,-,58 442.853,3s4p,3P°,2,3s6d,3D,2,,https://physics.nist.gov/cgi-bin/ASBib1/get_ASBib_ref.cgi?db=tp&amp;db_id=6298&amp;comment_code=c72&amp;element=Mg&amp;spectr_charge=1&amp;ref=6298&amp;type=,
943.8783,943.8783,20,2.41e+06,C+,47 851.162,-,58 442.843,3s4p,3P°,2,3s6d,3D,3,,https://physics.nist.gov/cgi-bin/ASBib1/get_ASBib_ref.cgi?db=tp&amp;db_id=6298&amp;comment_code=c72&amp;element=Mg&amp;spectr_charge=1&amp;ref=6298&amp;type=,https://physics.nist.gov/cgi-bin/ASBib1/get_ASBib_ref.cgi?db=el&amp;db_id=6095&amp;comment_code=&amp;element=Mg&amp;spectr_charge=1&amp;ref=6095&amp;type=
950.2454,950.2451,8,,,47 957.045,-,58 477.760,3s3d,3D,3,3s7p,3P°,2,,,https://physics.nist.gov/cgi-bin/ASBib1/get_ASBib_ref.cgi?db=el&amp;db_id=6095&amp;comment_code=&amp;element=Mg&amp;spectr_charge=1&amp;ref=6095&amp;type=
950.3108,950.3103,7,,,47 957.027,-,58 477.020,3s3d,3D,2,3s7p,3P°,1,,,https://physics.nist.gov/cgi-bin/ASBib1/get_ASBib_ref.cgi?db=el&amp;db_id=6095&amp;comment_code=&amp;element=Mg&amp;spectr_charge=1&amp;ref=6095&amp;type=
950.3433,950.3430,5,,,47 957.058,-,58 476.689,3s3d,3D,1,3s7p,3P°,0,,,https://physics.nist.gov/cgi-bin/ASBib1/get_ASBib_ref.cgi?db=el&amp;db_id=6095&amp;comment_code=&amp;element=Mg&amp;spectr_charge=1&amp;ref=6095&amp;type=
964.953,964.9508,28,,,49 346.729,-,59 707.11,3s4p,1P°,1,3s9s,1S,0,,,https://physics.nist.gov/cgi-bin/ASBib1/get_ASBib_ref.cgi?db=el&amp;db_id=4832&amp;comment_code=&amp;element=Mg&amp;spectr_charge=1&amp;ref=4832&amp;type=
966.554,966.5479,15,2.44e+05,C+,49 346.729,-,59 689.991,3s4p,1P°,1,3s8d,1D,2,,https://physics.nist.gov/cgi-bin/ASBib1/get_ASBib_ref.cgi?db=tp&amp;db_id=5539&amp;comment_code=&amp;element=Mg&amp;spectr_charge=1&amp;ref=5539&amp;type=,https://physics.nist.gov/cgi-bin/ASBib1/get_ASBib_ref.cgi?db=el&amp;db_id=4832&amp;comment_code=&amp;element=Mg&amp;spectr_charge=1&amp;ref=4832&amp;type=
998.320,998.3188,15,1.57e+05,E,47 841.119,-,57 855.214,3s4p,3P°,0,3s7s,3S,1,,https://physics.nist.gov/cgi-bin/ASBib1/get_ASBib_ref.cgi?db=tp&amp;db_id=6298&amp;comment_code=c72&amp;element=Mg&amp;spectr_charge=1&amp;ref=6298&amp;type=,https://physics.nist.gov/cgi-bin/ASBib1/get_ASBib_ref.cgi?db=el&amp;db_id=6095&amp;comment_code=&amp;element=Mg&amp;spectr_charge=1&amp;ref=6095&amp;type=
998.6475,998.6474,17,4.70e+05,D,47 844.414,-,57 855.214,3s4p,3P°,1,3s7s,3S,1,,https://physics.nist.gov/cgi-bin/ASBib1/get_ASBib_ref.cgi?db=tp&amp;db_id=6298&amp;comment_code=c72&amp;element=Mg&amp;spectr_charge=1&amp;ref=6298&amp;type=,https://physics.nist.gov/cgi-bin/ASBib1/get_ASBib_ref.cgi?db=el&amp;db_id=6095&amp;comment_code=&amp;element=Mg&amp;spectr_charge=1&amp;ref=6095&amp;type=
999.3209,999.3210,18,7.81e+05,D,47 851.162,-,57 855.214,3s4p,3P°,2,3s7s,3S,1,,https://physics.nist.gov/cgi-bin/ASBib1/get_ASBib_ref.cgi?db=tp&amp;db_id=6298&amp;comment_code=c72&amp;element=Mg&amp;spectr_charge=1&amp;ref=6298&amp;type=,https://physics.nist.gov/cgi-bin/ASBib1/get_ASBib_ref.cgi?db=el&amp;db_id=6095&amp;comment_code=&amp;element=Mg&amp;spectr_charge=1&amp;ref=6095&amp;type=
1 029.929,1 029.924,5,5.28e+05,C,49 346.729,-,59 053.52,3s4p,1P°,1,3s8s,1S,0,,https://physics.nist.gov/cgi-bin/ASBib1/get_ASBib_ref.cgi?db=tp&amp;db_id=5539&amp;comment_code=&amp;element=Mg&amp;spectr_charge=1&amp;ref=5539&amp;type=,https://physics.nist.gov/cgi-bin/ASBib1/get_ASBib_ref.cgi?db=el&amp;db_id=4832&amp;comment_code=&amp;element=Mg&amp;spectr_charge=1&amp;ref=4832&amp;type=
1 031.2531,1 031.2524,12,2.33e+05,C+,49 346.729,-,59 041.019,3s4p,1P°,1,3s7d,1D,2,,https://physics.nist.gov/cgi-bin/ASBib1/get_ASBib_ref.cgi?db=tp&amp;db_id=5539&amp;comment_code=&amp;element=Mg&amp;spectr_charge=1&amp;ref=5539&amp;type=,https://physics.nist.gov/cgi-bin/ASBib1/get_ASBib_ref.cgi?db=el&amp;db_id=4832&amp;comment_code=&amp;element=Mg&amp;spectr_charge=1&amp;ref=4832&amp;type=
,1 081.1053,,6.70e+06,B,47 957.045,-,57 204.305,3s3d,3D,3,3s5f,3F°,4,,https://physics.nist.gov/cgi-bin/ASBib1/get_ASBib_ref.cgi?db=tp&amp;db_id=6298&amp;comment_code=c72&amp;element=Mg&amp;spectr_charge=1&amp;ref=6298&amp;type=,
1 081.1084,1 081.1076,35,5.95e+06,B,47 957.027,-,57 204.267,3s3d,3D,2,3s5f,3F°,3,,https://physics.nist.gov/cgi-bin/ASBib1/get_ASBib_ref.cgi?db=tp&amp;db_id=6298&amp;comment_code=c72&amp;element=Mg&amp;spectr_charge=1&amp;ref=6298&amp;type=,https://physics.nist.gov/cgi-bin/ASBib1/get_ASBib_ref.cgi?db=el&amp;db_id=6095&amp;comment_code=&amp;element=Mg&amp;spectr_charge=1&amp;ref=6095&amp;type=
,1 081.1097,,7.47e+05,C+,47 957.045,-,57 204.267,3s3d,3D,3,3s5f,3F°,3,,https://physics.nist.gov/cgi-bin/ASBib1/get_ASBib_ref.cgi?db=tp&amp;db_id=6298&amp;comment_code=c72&amp;element=Mg&amp;spectr_charge=1&amp;ref=6298&amp;type=,
,1 081.1122,,1.05e+06,C+,47 957.027,-,57 204.228,3s3d,3D,2,3s5f,3F°,2,,https://physics.nist.gov/cgi-bin/ASBib1/get_ASBib_ref.cgi?db=tp&amp;db_id=6298&amp;comment_code=c72&amp;element=Mg&amp;spectr_charge=1&amp;ref=6298&amp;type=,
,1 081.1143,,2.95e+04,D,47 957.045,-,57 204.228,3s3d,3D,3,3s5f,3F°,2,,https://physics.nist.gov/cgi-bin/ASBib1/get_ASBib_ref.cgi?db=tp&amp;db_id=6298&amp;comment_code=c72&amp;element=Mg&amp;spectr_charge=1&amp;ref=6298&amp;type=,
,1 081.1158,,5.65e+06,B,47 957.058,-,57 204.228,3s3d,3D,1,3s5f,3F°,2,,https://physics.nist.gov/cgi-bin/ASBib1/get_ASBib_ref.cgi?db=tp&amp;db_id=6298&amp;comment_code=c72&amp;element=Mg&amp;spectr_charge=1&amp;ref=6298&amp;type=,
1 095.3320,1 095.3320,25,2.54e+06,C+,47 841.119,-,56 968.271,3s4p,3P°,0,3s5d,3D,1,,https://physics.nist.gov/cgi-bin/ASBib1/get_ASBib_ref.cgi?db=tp&amp;db_id=6298&amp;comment_code=c72&amp;element=Mg&amp;spectr_charge=1&amp;ref=6298&amp;type=,https://physics.nist.gov/cgi-bin/ASBib1/get_ASBib_ref.cgi?db=el&amp;db_id=6095&amp;comment_code=&amp;element=Mg&amp;spectr_charge=1&amp;ref=6095&amp;type=
,1 095.7276,,1.90e+06,C+,47 844.414,-,56 968.271,3s4p,3P°,1,3s5d,3D,1,,https://physics.nist.gov/cgi-bin/ASBib1/get_ASBib_ref.cgi?db=tp&amp;db_id=6298&amp;comment_code=c72&amp;element=Mg&amp;spectr_charge=1&amp;ref=6298&amp;type=,
1 095.7304,1 095.7304,27,3.43e+06,B,47 844.414,-,56 968.248,3s4p,3P°,1,3s5d,3D,2,,https://physics.nist.gov/cgi-bin/ASBib1/get_ASBib_ref.cgi?db=tp&amp;db_id=6298&amp;comment_code=c72&amp;element=Mg&amp;spectr_charge=1&amp;ref=6298&amp;type=,https://physics.nist.gov/cgi-bin/ASBib1/get_ASBib_ref.cgi?db=el&amp;db_id=6095&amp;comment_code=&amp;element=Mg&amp;spectr_charge=1&amp;ref=6095&amp;type=
,1 096.5386,,1.27e+05,D+,47 851.162,-,56 968.271,3s4p,3P°,2,3s5d,3D,1,,https://physics.nist.gov/cgi-bin/ASBib1/get_ASBib_ref.cgi?db=tp&amp;db_id=6298&amp;comment_code=c72&amp;element=Mg&amp;spectr_charge=1&amp;ref=6298&amp;type=,
,1 096.5414,,1.14e+06,C+,47 851.162,-,56 968.248,3s4p,3P°,2,3s5d,3D,2,,https://physics.nist.gov/cgi-bin/ASBib1/get_ASBib_ref.cgi?db=tp&amp;db_id=6298&amp;comment_code=c72&amp;element=Mg&amp;spectr_charge=1&amp;ref=6298&amp;type=,
1 096.5450,1 096.5450,28,4.55e+06,B,47 851.162,-,56 968.218,3s4p,3P°,2,3s5d,3D,3,,https://physics.nist.gov/cgi-bin/ASBib1/get_ASBib_ref.cgi?db=tp&amp;db_id=6298&amp;comment_code=c72&amp;element=Mg&amp;spectr_charge=1&amp;ref=6298&amp;type=,https://physics.nist.gov/cgi-bin/ASBib1/get_ASBib_ref.cgi?db=el&amp;db_id=6095&amp;comment_code=&amp;element=Mg&amp;spectr_charge=1&amp;ref=6095&amp;type=
,1 103.2073,,3.09e+04,D,47 957.027,-,57 019.025,3s3d,3D,2,3s6p,3P°,2,,https://physics.nist.gov/cgi-bin/ASBib1/get_ASBib_ref.cgi?db=tp&amp;db_id=6298&amp;comment_code=c72&amp;element=Mg&amp;spectr_charge=1&amp;ref=6298&amp;type=,
1 103.2103,1 103.2095,15,1.73e+05,C,47 957.045,-,57 019.025,3s3d,3D,3,3s6p,3P°,2,,https://physics.nist.gov/cgi-bin/ASBib1/get_ASBib_ref.cgi?db=tp&amp;db_id=6298&amp;comment_code=c72&amp;element=Mg&amp;spectr_charge=1&amp;ref=6298&amp;type=,https://physics.nist.gov/cgi-bin/ASBib1/get_ASBib_ref.cgi?db=el&amp;db_id=6095&amp;comment_code=&amp;element=Mg&amp;spectr_charge=1&amp;ref=6095&amp;type=
,1 103.2110,,2.06e+03,E,47 957.058,-,57 019.025,3s3d,3D,1,3s6p,3P°,2,,https://physics.nist.gov/cgi-bin/ASBib1/get_ASBib_ref.cgi?db=tp&amp;db_id=6298&amp;comment_code=c72&amp;element=Mg&amp;spectr_charge=1&amp;ref=6298&amp;type=,
1 103.3662,1 103.3657,14,1.54e+05,D+,47 957.027,-,57 017.724,3s3d,3D,2,3s6p,3P°,1,,https://physics.nist.gov/cgi-bin/ASBib1/get_ASBib_ref.cgi?db=tp&amp;db_id=6298&amp;comment_code=c72&amp;element=Mg&amp;spectr_charge=1&amp;ref=6298&amp;type=,https://physics.nist.gov/cgi-bin/ASBib1/get_ASBib_ref.cgi?db=el&amp;db_id=6095&amp;comment_code=&amp;element=Mg&amp;spectr_charge=1&amp;ref=6095&amp;type=
,1 103.3694,,5.15e+04,D,47 957.058,-,57 017.724,3s3d,3D,1,3s6p,3P°,1,,https://physics.nist.gov/cgi-bin/ASBib1/get_ASBib_ref.cgi?db=tp&amp;db_id=6298&amp;comment_code=c72&amp;element=Mg&amp;spectr_charge=1&amp;ref=6298&amp;type=,
1 103.451,1 103.4481,4,2.05e+05,D,47 957.058,-,57 017.078,3s3d,3D,1,3s6p,3P°,0,,https://physics.nist.gov/cgi-bin/ASBib1/get_ASBib_ref.cgi?db=tp&amp;db_id=6298&amp;comment_code=c72&amp;element=Mg&amp;spectr_charge=1&amp;ref=6298&amp;type=,https://physics.nist.gov/cgi-bin/ASBib1/get_ASBib_ref.cgi?db=el&amp;db_id=4832&amp;comment_code=&amp;element=Mg&amp;spectr_charge=1&amp;ref=4832&amp;type=
1 152.2240,1 152.2208,3,1.24e+05,B,49 346.729,-,58 023.246,3s4p,1P°,1,3s6d,1D,2,,https://physics.nist.gov/cgi-bin/ASBib1/get_ASBib_ref.cgi?db=tp&amp;db_id=5539&amp;comment_code=&amp;element=Mg&amp;spectr_charge=1&amp;ref=5539&amp;type=,https://physics.nist.gov/cgi-bin/ASBib1/get_ASBib_ref.cgi?db=el&amp;db_id=6692&amp;comment_code=&amp;element=Mg&amp;spectr_charge=1&amp;ref=6692&amp;type=
1 154.0672,1 154.061,4,9.61e+05,C+,49 346.729,-,58 009.41,3s4p,1P°,1,3s7s,1S,0,,https://physics.nist.gov/cgi-bin/ASBib1/get_ASBib_ref.cgi?db=tp&amp;db_id=5539&amp;comment_code=&amp;element=Mg&amp;spectr_charge=1&amp;ref=5539&amp;type=,https://physics.nist.gov/cgi-bin/ASBib1/get_ASBib_ref.cgi?db=el&amp;db_id=6692&amp;comment_code=&amp;element=Mg&amp;spectr_charge=1&amp;ref=6692&amp;type=
1 182.8171,1 182.8185,2650,2.22e+07,A,35 051.264,-,43 503.333,3s3p,1P°,1,3s4s,1S,0,,https://physics.nist.gov/cgi-bin/ASBib1/get_ASBib_ref.cgi?db=tp&amp;db_id=&amp;comment_code=c45&amp;element=Mg&amp;spectr_charge=1&amp;ref=&amp;type=,https://physics.nist.gov/cgi-bin/ASBib1/get_ASBib_ref.cgi?db=el&amp;db_id=6692&amp;comment_code=&amp;element=Mg&amp;spectr_charge=1&amp;ref=6692&amp;type=
1 203.9822,1 203.9861,120,4.52e+05,B,46 403.065,-,54 706.536,3s3d,1D,2,3s5p,1P°,1,,https://physics.nist.gov/cgi-bin/ASBib1/get_ASBib_ref.cgi?db=tp&amp;db_id=5539&amp;comment_code=&amp;element=Mg&amp;spectr_charge=1&amp;ref=5539&amp;type=,https://physics.nist.gov/cgi-bin/ASBib1/get_ASBib_ref.cgi?db=el&amp;db_id=6692&amp;comment_code=&amp;element=Mg&amp;spectr_charge=1&amp;ref=6692&amp;type=
1 208.3273,1 208.3278,60,,,46 403.065,-,54 676.701,3s3d,1D,2,3s4f,3F°,3,,,https://physics.nist.gov/cgi-bin/ASBib1/get_ASBib_ref.cgi?db=el&amp;db_id=6692&amp;comment_code=&amp;element=Mg&amp;spectr_charge=1&amp;ref=6692&amp;type=
1 208.3649,1 208.3662,5750,1.68e+07,A,46 403.065,-,54 676.438,3s3d,1D,2,3s4f,1F°,3,,https://physics.nist.gov/cgi-bin/ASBib1/get_ASBib_ref.cgi?db=tp&amp;db_id=5539&amp;comment_code=&amp;element=Mg&amp;spectr_charge=1&amp;ref=5539&amp;type=,https://physics.nist.gov/cgi-bin/ASBib1/get_ASBib_ref.cgi?db=el&amp;db_id=6692&amp;comment_code=&amp;element=Mg&amp;spectr_charge=1&amp;ref=6692&amp;type=
,1 226.7597,,6.23e-05,B+,41 197.403,-,49 346.729,3s4s,3S,1,3s4p,1P°,1,M2,https://physics.nist.gov/cgi-bin/ASBib1/get_ASBib_ref.cgi?db=tp&amp;db_id=&amp;comment_code=c43&amp;element=Mg&amp;spectr_charge=1&amp;ref=&amp;type=M2,
1 241.7937,1 241.791,15,3.13e+05,C,47 841.119,-,55 891.80,3s4p,3P°,0,3s6s,3S,1,,https://physics.nist.gov/cgi-bin/ASBib1/get_ASBib_ref.cgi?db=tp&amp;db_id=6298&amp;comment_code=c72&amp;element=Mg&amp;spectr_charge=1&amp;ref=6298&amp;type=,https://physics.nist.gov/cgi-bin/ASBib1/get_ASBib_ref.cgi?db=el&amp;db_id=6692&amp;comment_code=&amp;element=Mg&amp;spectr_charge=1&amp;ref=6692&amp;type=
1 242.3029,1 242.300,50,9.33e+05,C,47 844.414,-,55 891.80,3s4p,3P°,1,3s6s,3S,1,,https://physics.nist.gov/cgi-bin/ASBib1/get_ASBib_ref.cgi?db=tp&amp;db_id=6298&amp;comment_code=c72&amp;element=Mg&amp;spectr_charge=1&amp;ref=6298&amp;type=,https://physics.nist.gov/cgi-bin/ASBib1/get_ASBib_ref.cgi?db=el&amp;db_id=6692&amp;comment_code=&amp;element=Mg&amp;spectr_charge=1&amp;ref=6692&amp;type=
1 243.3452,1 243.342,85,1.55e+06,C+,47 851.162,-,55 891.80,3s4p,3P°,2,3s6s,3S,1,,https://physics.nist.gov/cgi-bin/ASBib1/get_ASBib_ref.cgi?db=tp&amp;db_id=6298&amp;comment_code=c72&amp;element=Mg&amp;spectr_charge=1&amp;ref=6298&amp;type=,https://physics.nist.gov/cgi-bin/ASBib1/get_ASBib_ref.cgi?db=el&amp;db_id=6692&amp;comment_code=&amp;element=Mg&amp;spectr_charge=1&amp;ref=6692&amp;type=
,1 345.761,,3.54e+04,D,53 134.642,-,60 563.35,3s4d,1D,2,3s11p,1P°,1,,https://physics.nist.gov/cgi-bin/ASBib1/get_ASBib_ref.cgi?db=tp&amp;db_id=6298&amp;comment_code=c72&amp;element=Mg&amp;spectr_charge=1&amp;ref=6298&amp;type=,
,1 345.8903,,2.45e+05,D+,53 134.642,-,60 562.637,3s4d,1D,2,3s10f,1F°,3,,https://physics.nist.gov/cgi-bin/ASBib1/get_ASBib_ref.cgi?db=tp&amp;db_id=6298&amp;comment_code=c72&amp;element=Mg&amp;spectr_charge=1&amp;ref=6298&amp;type=,
1 394.978,1 394.9725,1,3.23e+05,D+,53 134.642,-,60 301.283,3s4d,1D,2,3s9f,1F°,3,,https://physics.nist.gov/cgi-bin/ASBib1/get_ASBib_ref.cgi?db=tp&amp;db_id=6298&amp;comment_code=c72&amp;element=Mg&amp;spectr_charge=1&amp;ref=6298&amp;type=,https://physics.nist.gov/cgi-bin/ASBib1/get_ASBib_ref.cgi?db=el&amp;db_id=6692&amp;comment_code=&amp;element=Mg&amp;spectr_charge=1&amp;ref=6692&amp;type=
1 436.0522,1 436.0481,13,2.91e+04,B,49 346.729,-,56 308.381,3s4p,1P°,1,3s5d,1D,2,,https://physics.nist.gov/cgi-bin/ASBib1/get_ASBib_ref.cgi?db=tp&amp;db_id=5539&amp;comment_code=&amp;element=Mg&amp;spectr_charge=1&amp;ref=5539&amp;type=,https://physics.nist.gov/cgi-bin/ASBib1/get_ASBib_ref.cgi?db=el&amp;db_id=6692&amp;comment_code=&amp;element=Mg&amp;spectr_charge=1&amp;ref=6692&amp;type=
,1 460.100,,2.61e+04,C,52 556.206,-,59 403.18,3s5s,1S,0,3s8p,1P°,1,,https://physics.nist.gov/cgi-bin/ASBib1/get_ASBib_ref.cgi?db=tp&amp;db_id=5539&amp;comment_code=&amp;element=Mg&amp;spectr_charge=1&amp;ref=5539&amp;type=,
1 461.5619,1 461.5580,290,1.87e+06,B+,49 346.729,-,56 186.873,3s4p,1P°,1,3s6s,1S,0,,https://physics.nist.gov/cgi-bin/ASBib1/get_ASBib_ref.cgi?db=tp&amp;db_id=5539&amp;comment_code=&amp;element=Mg&amp;spectr_charge=1&amp;ref=5539&amp;type=,https://physics.nist.gov/cgi-bin/ASBib1/get_ASBib_ref.cgi?db=el&amp;db_id=6692&amp;comment_code=&amp;element=Mg&amp;spectr_charge=1&amp;ref=6692&amp;type=
1 470.0269,1 470.0290,1,4.85e+05,B,53 134.642,-,59 935.370,3s4d,1D,2,3s8f,1F°,3,,https://physics.nist.gov/cgi-bin/ASBib1/get_ASBib_ref.cgi?db=tp&amp;db_id=5539&amp;comment_code=&amp;element=Mg&amp;spectr_charge=1&amp;ref=5539&amp;type=,https://physics.nist.gov/cgi-bin/ASBib1/get_ASBib_ref.cgi?db=el&amp;db_id=6692&amp;comment_code=&amp;element=Mg&amp;spectr_charge=1&amp;ref=6692&amp;type=
,1 478.9612,,2.33e+00,A,41 197.403,-,47 957.058,3s4s,3S,1,3s3d,3D,1,E2,https://physics.nist.gov/cgi-bin/ASBib1/get_ASBib_ref.cgi?db=tp&amp;db_id=&amp;comment_code=c43&amp;element=Mg&amp;spectr_charge=1&amp;ref=&amp;type=E2,
,1 478.9612,,4.92e-10,E,41 197.403,-,47 957.058,3s4s,3S,1,3s3d,3D,1,M1,https://physics.nist.gov/cgi-bin/ASBib1/get_ASBib_ref.cgi?db=tp&amp;db_id=&amp;comment_code=c43&amp;element=Mg&amp;spectr_charge=1&amp;ref=&amp;type=M1,
,1 478.9641,,2.33e+00,A,41 197.403,-,47 957.045,3s4s,3S,1,3s3d,3D,3,E2,https://physics.nist.gov/cgi-bin/ASBib1/get_ASBib_ref.cgi?db=tp&amp;db_id=&amp;comment_code=c43&amp;element=Mg&amp;spectr_charge=1&amp;ref=&amp;type=E2,
,1 478.9680,,9.64e-11,E,41 197.403,-,47 957.027,3s4s,3S,1,3s3d,3D,2,M1,https://physics.nist.gov/cgi-bin/ASBib1/get_ASBib_ref.cgi?db=tp&amp;db_id=&amp;comment_code=c43&amp;element=Mg&amp;spectr_charge=1&amp;ref=&amp;type=M1,
,1 478.9680,,2.33e+00,A,41 197.403,-,47 957.027,3s4s,3S,1,3s3d,3D,2,E2,https://physics.nist.gov/cgi-bin/ASBib1/get_ASBib_ref.cgi?db=tp&amp;db_id=&amp;comment_code=c43&amp;element=Mg&amp;spectr_charge=1&amp;ref=&amp;type=E2,
1 487.7529,1 487.7529,10500,1.67e+07,B+,47 957.045,-,54 676.755,3s3d,3D,3,3s4f,3F°,4,,https://physics.nist.gov/cgi-bin/ASBib1/get_ASBib_ref.cgi?db=tp&amp;db_id=6298&amp;comment_code=c72&amp;element=Mg&amp;spectr_charge=1&amp;ref=6298&amp;type=,https://physics.nist.gov/cgi-bin/ASBib1/get_ASBib_ref.cgi?db=el&amp;db_id=6692&amp;comment_code=&amp;element=Mg&amp;spectr_charge=1&amp;ref=6692&amp;type=
1 487.7608,1 487.7608,7250,1.48e+07,B+,47 957.027,-,54 676.701,3s3d,3D,2,3s4f,3F°,3,,https://physics.nist.gov/cgi-bin/ASBib1/get_ASBib_ref.cgi?db=tp&amp;db_id=6298&amp;comment_code=c72&amp;element=Mg&amp;spectr_charge=1&amp;ref=6298&amp;type=,https://physics.nist.gov/cgi-bin/ASBib1/get_ASBib_ref.cgi?db=el&amp;db_id=6692&amp;comment_code=&amp;element=Mg&amp;spectr_charge=1&amp;ref=6692&amp;type=
,1 487.7648,,1.86e+06,B,47 957.045,-,54 676.701,3s3d,3D,3,3s4f,3F°,3,,https://physics.nist.gov/cgi-bin/ASBib1/get_ASBib_ref.cgi?db=tp&amp;db_id=6298&amp;comment_code=c72&amp;element=Mg&amp;spectr_charge=1&amp;ref=6298&amp;type=,
,1 487.7712,,2.60e+06,B,47 957.027,-,54 676.654,3s3d,3D,2,3s4f,3F°,2,,https://physics.nist.gov/cgi-bin/ASBib1/get_ASBib_ref.cgi?db=tp&amp;db_id=6298&amp;comment_code=c72&amp;element=Mg&amp;spectr_charge=1&amp;ref=6298&amp;type=,
,1 487.7752,,7.34e+04,C,47 957.045,-,54 676.654,3s3d,3D,3,3s4f,3F°,2,,https://physics.nist.gov/cgi-bin/ASBib1/get_ASBib_ref.cgi?db=tp&amp;db_id=6298&amp;comment_code=c72&amp;element=Mg&amp;spectr_charge=1&amp;ref=6298&amp;type=,
1 487.7781,1 487.7781,4250,1.40e+07,B+,47 957.058,-,54 676.654,3s3d,3D,1,3s4f,3F°,2,,https://physics.nist.gov/cgi-bin/ASBib1/get_ASBib_ref.cgi?db=tp&amp;db_id=6298&amp;comment_code=c72&amp;element=Mg&amp;spectr_charge=1&amp;ref=6298&amp;type=,https://physics.nist.gov/cgi-bin/ASBib1/get_ASBib_ref.cgi?db=el&amp;db_id=6692&amp;comment_code=&amp;element=Mg&amp;spectr_charge=1&amp;ref=6692&amp;type=
1 487.8177,1 487.8191,520,,,47 957.027,-,54 676.438,3s3d,3D,2,3s4f,1F°,3,,,https://physics.nist.gov/cgi-bin/ASBib1/get_ASBib_ref.cgi?db=el&amp;db_id=6692&amp;comment_code=&amp;element=Mg&amp;spectr_charge=1&amp;ref=6692&amp;type=
,1 502.4992,,1.02e-05,B+,41 197.403,-,47 851.162,3s4s,3S,1,3s4p,3P°,2,M2,https://physics.nist.gov/cgi-bin/ASBib1/get_ASBib_ref.cgi?db=tp&amp;db_id=&amp;comment_code=c43&amp;element=Mg&amp;spectr_charge=1&amp;ref=&amp;type=M2,
1 502.4997,1 502.4992,38900,1.35e+07,A,41 197.403,-,47 851.162,3s4s,3S,1,3s4p,3P°,2,,https://physics.nist.gov/cgi-bin/ASBib1/get_ASBib_ref.cgi?db=tp&amp;db_id=&amp;comment_code=c45&amp;element=Mg&amp;spectr_charge=1&amp;ref=&amp;type=,https://physics.nist.gov/cgi-bin/ASBib1/get_ASBib_ref.cgi?db=el&amp;db_id=6692&amp;comment_code=&amp;element=Mg&amp;spectr_charge=1&amp;ref=6692&amp;type=
1 504.0246,1 504.0246,22400,1.34e+07,A,41 197.403,-,47 844.414,3s4s,3S,1,3s4p,3P°,1,,https://physics.nist.gov/cgi-bin/ASBib1/get_ASBib_ref.cgi?db=tp&amp;db_id=&amp;comment_code=c45&amp;element=Mg&amp;spectr_charge=1&amp;ref=&amp;type=,https://physics.nist.gov/cgi-bin/ASBib1/get_ASBib_ref.cgi?db=el&amp;db_id=6692&amp;comment_code=&amp;element=Mg&amp;spectr_charge=1&amp;ref=6692&amp;type=
,1 504.0246,,5.56e-06,B+,41 197.403,-,47 844.414,3s4s,3S,1,3s4p,3P°,1,M2,https://physics.nist.gov/cgi-bin/ASBib1/get_ASBib_ref.cgi?db=tp&amp;db_id=&amp;comment_code=c43&amp;element=Mg&amp;spectr_charge=1&amp;ref=&amp;type=M2,
1 504.7714,1 504.7705,7250,1.34e+07,B+,41 197.403,-,47 841.119,3s4s,3S,1,3s4p,3P°,0,,https://physics.nist.gov/cgi-bin/ASBib1/get_ASBib_ref.cgi?db=tp&amp;db_id=&amp;comment_code=c45&amp;element=Mg&amp;spectr_charge=1&amp;ref=&amp;type=,https://physics.nist.gov/cgi-bin/ASBib1/get_ASBib_ref.cgi?db=el&amp;db_id=6692&amp;comment_code=&amp;element=Mg&amp;spectr_charge=1&amp;ref=6692&amp;type=
1 513.5306,1 513.5373,3,1.28e+05,D,51 872.526,-,58 477.760,3s5s,3S,1,3s7p,3P°,2,,https://physics.nist.gov/cgi-bin/ASBib1/get_ASBib_ref.cgi?db=tp&amp;db_id=6298&amp;comment_code=c72&amp;element=Mg&amp;spectr_charge=1&amp;ref=6298&amp;type=,https://physics.nist.gov/cgi-bin/ASBib1/get_ASBib_ref.cgi?db=el&amp;db_id=6692&amp;comment_code=&amp;element=Mg&amp;spectr_charge=1&amp;ref=6692&amp;type=
1 513.7027,1 513.7069,2,1.28e+05,D,51 872.526,-,58 477.020,3s5s,3S,1,3s7p,3P°,1,,https://physics.nist.gov/cgi-bin/ASBib1/get_ASBib_ref.cgi?db=tp&amp;db_id=6298&amp;comment_code=c72&amp;element=Mg&amp;spectr_charge=1&amp;ref=6298&amp;type=,https://physics.nist.gov/cgi-bin/ASBib1/get_ASBib_ref.cgi?db=el&amp;db_id=6692&amp;comment_code=&amp;element=Mg&amp;spectr_charge=1&amp;ref=6692&amp;type=
1 513.7850,1 513.7827,1,1.27e+05,E,51 872.526,-,58 476.689,3s5s,3S,1,3s7p,3P°,0,,https://physics.nist.gov/cgi-bin/ASBib1/get_ASBib_ref.cgi?db=tp&amp;db_id=6298&amp;comment_code=c72&amp;element=Mg&amp;spectr_charge=1&amp;ref=6298&amp;type=,https://physics.nist.gov/cgi-bin/ASBib1/get_ASBib_ref.cgi?db=el&amp;db_id=6692&amp;comment_code=&amp;element=Mg&amp;spectr_charge=1&amp;ref=6692&amp;type=
1 569.3311,1 569.3360,50,2.88e+05,C,54 192.256,-,60 562.637,3s4d,3D,3,3s10f,3F°,4,,https://physics.nist.gov/cgi-bin/ASBib1/get_ASBib_ref.cgi?db=tp&amp;db_id=6298&amp;comment_code=c72&amp;element=Mg&amp;spectr_charge=1&amp;ref=6298&amp;type=,https://physics.nist.gov/cgi-bin/ASBib1/get_ASBib_ref.cgi?db=el&amp;db_id=4832&amp;comment_code=&amp;element=Mg&amp;spectr_charge=1&amp;ref=4832&amp;type=
,1 569.3360,,1.27e+03,E,54 192.256,-,60 562.637,3s4d,3D,3,3s10f,3F°,2,,https://physics.nist.gov/cgi-bin/ASBib1/get_ASBib_ref.cgi?db=tp&amp;db_id=6298&amp;comment_code=c72&amp;element=Mg&amp;spectr_charge=1&amp;ref=6298&amp;type=,
,1 569.3360,,3.22e+04,E,54 192.256,-,60 562.637,3s4d,3D,3,3s10f,3F°,3,,https://physics.nist.gov/cgi-bin/ASBib1/get_ASBib_ref.cgi?db=tp&amp;db_id=6298&amp;comment_code=c72&amp;element=Mg&amp;spectr_charge=1&amp;ref=6298&amp;type=,
,1 569.3454,,4.49e+04,E,54 192.294,-,60 562.637,3s4d,3D,2,3s10f,3F°,2,,https://physics.nist.gov/cgi-bin/ASBib1/get_ASBib_ref.cgi?db=tp&amp;db_id=6298&amp;comment_code=c72&amp;element=Mg&amp;spectr_charge=1&amp;ref=6298&amp;type=,
,1 569.3454,,2.55e+05,D+,54 192.294,-,60 562.637,3s4d,3D,2,3s10f,3F°,3,,https://physics.nist.gov/cgi-bin/ASBib1/get_ASBib_ref.cgi?db=tp&amp;db_id=6298&amp;comment_code=c72&amp;element=Mg&amp;spectr_charge=1&amp;ref=6298&amp;type=,
,1 569.3555,,2.42e+05,D+,54 192.335,-,60 562.637,3s4d,3D,1,3s10f,3F°,2,,https://physics.nist.gov/cgi-bin/ASBib1/get_ASBib_ref.cgi?db=tp&amp;db_id=6298&amp;comment_code=c72&amp;element=Mg&amp;spectr_charge=1&amp;ref=6298&amp;type=,
1 574.0706,1 574.0716,12900,5.51e+06,B,47 841.119,-,54 192.335,3s4p,3P°,0,3s4d,3D,1,,https://physics.nist.gov/cgi-bin/ASBib1/get_ASBib_ref.cgi?db=tp&amp;db_id=6298&amp;comment_code=c72&amp;element=Mg&amp;spectr_charge=1&amp;ref=6298&amp;type=,https://physics.nist.gov/cgi-bin/ASBib1/get_ASBib_ref.cgi?db=el&amp;db_id=6692&amp;comment_code=&amp;element=Mg&amp;spectr_charge=1&amp;ref=6692&amp;type=
,1 574.8886,,4.11e+06,B,47 844.414,-,54 192.335,3s4p,3P°,1,3s4d,3D,1,,https://physics.nist.gov/cgi-bin/ASBib1/get_ASBib_ref.cgi?db=tp&amp;db_id=6298&amp;comment_code=c72&amp;element=Mg&amp;spectr_charge=1&amp;ref=6298&amp;type=,
1 574.8988,1 574.8988,3250,7.42e+06,B+,47 844.414,-,54 192.294,3s4p,3P°,1,3s4d,3D,2,,https://physics.nist.gov/cgi-bin/ASBib1/get_ASBib_ref.cgi?db=tp&amp;db_id=6298&amp;comment_code=c72&amp;element=Mg&amp;spectr_charge=1&amp;ref=6298&amp;type=,https://physics.nist.gov/cgi-bin/ASBib1/get_ASBib_ref.cgi?db=el&amp;db_id=6692&amp;comment_code=&amp;element=Mg&amp;spectr_charge=1&amp;ref=6692&amp;type=
,1 576.5645,,2.74e+05,C,47 851.162,-,54 192.335,3s4p,3P°,2,3s4d,3D,1,,https://physics.nist.gov/cgi-bin/ASBib1/get_ASBib_ref.cgi?db=tp&amp;db_id=6298&amp;comment_code=c72&amp;element=Mg&amp;spectr_charge=1&amp;ref=6298&amp;type=,
,1 576.5747,,2.47e+06,B,47 851.162,-,54 192.294,3s4p,3P°,2,3s4d,3D,2,,https://physics.nist.gov/cgi-bin/ASBib1/get_ASBib_ref.cgi?db=tp&amp;db_id=6298&amp;comment_code=c72&amp;element=Mg&amp;spectr_charge=1&amp;ref=6298&amp;type=,
1 576.5839,1 576.5842,5750,9.87e+06,B+,47 851.162,-,54 192.256,3s4p,3P°,2,3s4d,3D,3,,https://physics.nist.gov/cgi-bin/ASBib1/get_ASBib_ref.cgi?db=tp&amp;db_id=6298&amp;comment_code=c72&amp;element=Mg&amp;spectr_charge=1&amp;ref=6298&amp;type=,https://physics.nist.gov/cgi-bin/ASBib1/get_ASBib_ref.cgi?db=el&amp;db_id=6692&amp;comment_code=&amp;element=Mg&amp;spectr_charge=1&amp;ref=6692&amp;type=
,1 587.9521,,5.31e+04,D+,47 957.027,-,54 252.726,3s3d,3D,2,3s5p,3P°,2,,https://physics.nist.gov/cgi-bin/ASBib1/get_ASBib_ref.cgi?db=tp&amp;db_id=6298&amp;comment_code=c72&amp;element=Mg&amp;spectr_charge=1&amp;ref=6298&amp;type=,
1 587.9564,1 587.9567,140,2.98e+05,C+,47 957.045,-,54 252.726,3s3d,3D,3,3s5p,3P°,2,,https://physics.nist.gov/cgi-bin/ASBib1/get_ASBib_ref.cgi?db=tp&amp;db_id=6298&amp;comment_code=c72&amp;element=Mg&amp;spectr_charge=1&amp;ref=6298&amp;type=,https://physics.nist.gov/cgi-bin/ASBib1/get_ASBib_ref.cgi?db=el&amp;db_id=6692&amp;comment_code=&amp;element=Mg&amp;spectr_charge=1&amp;ref=6692&amp;type=
,1 587.9599,,3.54e+03,E,47 957.058,-,54 252.726,3s3d,3D,1,3s5p,3P°,2,,https://physics.nist.gov/cgi-bin/ASBib1/get_ASBib_ref.cgi?db=tp&amp;db_id=6298&amp;comment_code=c72&amp;element=Mg&amp;spectr_charge=1&amp;ref=6298&amp;type=,
1 588.6188,1 588.6183,70,2.65e+05,C,47 957.027,-,54 250.086,3s3d,3D,2,3s5p,3P°,1,,https://physics.nist.gov/cgi-bin/ASBib1/get_ASBib_ref.cgi?db=tp&amp;db_id=6298&amp;comment_code=c72&amp;element=Mg&amp;spectr_charge=1&amp;ref=6298&amp;type=,https://physics.nist.gov/cgi-bin/ASBib1/get_ASBib_ref.cgi?db=el&amp;db_id=6692&amp;comment_code=&amp;element=Mg&amp;spectr_charge=1&amp;ref=6692&amp;type=
,1 588.6261,,8.85e+04,D+,47 957.058,-,54 250.086,3s3d,3D,1,3s5p,3P°,1,,https://physics.nist.gov/cgi-bin/ASBib1/get_ASBib_ref.cgi?db=tp&amp;db_id=6298&amp;comment_code=c72&amp;element=Mg&amp;spectr_charge=1&amp;ref=6298&amp;type=,
1 588.9521,1 588.9485,30,3.54e+05,C,47 957.058,-,54 248.809,3s3d,3D,1,3s5p,3P°,0,,https://physics.nist.gov/cgi-bin/ASBib1/get_ASBib_ref.cgi?db=tp&amp;db_id=6298&amp;comment_code=c72&amp;element=Mg&amp;spectr_charge=1&amp;ref=6298&amp;type=,https://physics.nist.gov/cgi-bin/ASBib1/get_ASBib_ref.cgi?db=el&amp;db_id=6692&amp;comment_code=&amp;element=Mg&amp;spectr_charge=1&amp;ref=6692&amp;type=
,1 590.268,,1.11e+05,D,54 248.809,-,60 535.34,3s5p,3P°,0,3s10d,3D,1,,https://physics.nist.gov/cgi-bin/ASBib1/get_ASBib_ref.cgi?db=tp&amp;db_id=6298&amp;comment_code=c72&amp;element=Mg&amp;spectr_charge=1&amp;ref=6298&amp;type=,
,1 590.591,,1.50e+05,D,54 250.086,-,60 535.34,3s5p,3P°,1,3s10d,3D,2,,https://physics.nist.gov/cgi-bin/ASBib1/get_ASBib_ref.cgi?db=tp&amp;db_id=6298&amp;comment_code=c72&amp;element=Mg&amp;spectr_charge=1&amp;ref=6298&amp;type=,
,1 590.591,,8.33e+04,E,54 250.086,-,60 535.34,3s5p,3P°,1,3s10d,3D,1,,https://physics.nist.gov/cgi-bin/ASBib1/get_ASBib_ref.cgi?db=tp&amp;db_id=6298&amp;comment_code=c72&amp;element=Mg&amp;spectr_charge=1&amp;ref=6298&amp;type=,
,1 591.259,,4.98e+04,E,54 252.726,-,60 535.34,3s5p,3P°,2,3s10d,3D,2,,https://physics.nist.gov/cgi-bin/ASBib1/get_ASBib_ref.cgi?db=tp&amp;db_id=6298&amp;comment_code=c72&amp;element=Mg&amp;spectr_charge=1&amp;ref=6298&amp;type=,
,1 591.259,,5.53e+03,E,54 252.726,-,60 535.34,3s5p,3P°,2,3s10d,3D,1,,https://physics.nist.gov/cgi-bin/ASBib1/get_ASBib_ref.cgi?db=tp&amp;db_id=6298&amp;comment_code=c72&amp;element=Mg&amp;spectr_charge=1&amp;ref=6298&amp;type=,
1 591.2830,1 591.259,45,1.99e+05,D+,54 252.726,-,60 535.34,3s5p,3P°,2,3s10d,3D,3,,https://physics.nist.gov/cgi-bin/ASBib1/get_ASBib_ref.cgi?db=tp&amp;db_id=6298&amp;comment_code=c72&amp;element=Mg&amp;spectr_charge=1&amp;ref=6298&amp;type=,https://physics.nist.gov/cgi-bin/ASBib1/get_ASBib_ref.cgi?db=el&amp;db_id=4832&amp;comment_code=&amp;element=Mg&amp;spectr_charge=1&amp;ref=4832&amp;type=
1 594.8379,1 594.833,2,8.74e+04,C+,53 134.642,-,59 403.18,3s4d,1D,2,3s8p,1P°,1,,https://physics.nist.gov/cgi-bin/ASBib1/get_ASBib_ref.cgi?db=tp&amp;db_id=5539&amp;comment_code=&amp;element=Mg&amp;spectr_charge=1&amp;ref=5539&amp;type=,https://physics.nist.gov/cgi-bin/ASBib1/get_ASBib_ref.cgi?db=el&amp;db_id=6692&amp;comment_code=&amp;element=Mg&amp;spectr_charge=1&amp;ref=6692&amp;type=
1 595.445,1 595.4477,5,6.55e+05,B,53 134.642,-,59 400.763,3s4d,1D,2,3s7f,1F°,3,,https://physics.nist.gov/cgi-bin/ASBib1/get_ASBib_ref.cgi?db=tp&amp;db_id=5539&amp;comment_code=&amp;element=Mg&amp;spectr_charge=1&amp;ref=5539&amp;type=,https://physics.nist.gov/cgi-bin/ASBib1/get_ASBib_ref.cgi?db=el&amp;db_id=6692&amp;comment_code=&amp;element=Mg&amp;spectr_charge=1&amp;ref=6692&amp;type=
,1 619.762,,1.33e+04,D,54 248.809,-,60 420.87,3s5p,3P°,0,3s11s,3S,1,,https://physics.nist.gov/cgi-bin/ASBib1/get_ASBib_ref.cgi?db=tp&amp;db_id=6298&amp;comment_code=c72&amp;element=Mg&amp;spectr_charge=1&amp;ref=6298&amp;type=,
,1 620.097,,3.99e+04,D+,54 250.086,-,60 420.87,3s5p,3P°,1,3s11s,3S,1,,https://physics.nist.gov/cgi-bin/ASBib1/get_ASBib_ref.cgi?db=tp&amp;db_id=6298&amp;comment_code=c72&amp;element=Mg&amp;spectr_charge=1&amp;ref=6298&amp;type=,
,1 620.790,,6.64e+04,D+,54 252.726,-,60 420.87,3s5p,3P°,2,3s11s,3S,1,,https://physics.nist.gov/cgi-bin/ASBib1/get_ASBib_ref.cgi?db=tp&amp;db_id=6298&amp;comment_code=c72&amp;element=Mg&amp;spectr_charge=1&amp;ref=6298&amp;type=,
,1 626.5934,,3.65e-07,B,35 051.264,-,41 197.403,3s3p,1P°,1,3s4s,3S,1,M2,https://physics.nist.gov/cgi-bin/ASBib1/get_ASBib_ref.cgi?db=tp&amp;db_id=&amp;comment_code=c43&amp;element=Mg&amp;spectr_charge=1&amp;ref=&amp;type=M2,
,1 636.4748,,1.77e+03,E,54 192.256,-,60 301.283,3s4d,3D,3,3s9f,3F°,2,,https://physics.nist.gov/cgi-bin/ASBib1/get_ASBib_ref.cgi?db=tp&amp;db_id=6298&amp;comment_code=c72&amp;element=Mg&amp;spectr_charge=1&amp;ref=6298&amp;type=,
,1 636.4748,,4.48e+04,D,54 192.256,-,60 301.283,3s4d,3D,3,3s9f,3F°,3,,https://physics.nist.gov/cgi-bin/ASBib1/get_ASBib_ref.cgi?db=tp&amp;db_id=6298&amp;comment_code=c72&amp;element=Mg&amp;spectr_charge=1&amp;ref=6298&amp;type=,
,1 636.4748,,4.01e+05,C,54 192.256,-,60 301.283,3s4d,3D,3,3s9f,3F°,4,,https://physics.nist.gov/cgi-bin/ASBib1/get_ASBib_ref.cgi?db=tp&amp;db_id=6298&amp;comment_code=c72&amp;element=Mg&amp;spectr_charge=1&amp;ref=6298&amp;type=,
,1 636.4850,,6.27e+04,D,54 192.294,-,60 301.283,3s4d,3D,2,3s9f,3F°,2,,https://physics.nist.gov/cgi-bin/ASBib1/get_ASBib_ref.cgi?db=tp&amp;db_id=6298&amp;comment_code=c72&amp;element=Mg&amp;spectr_charge=1&amp;ref=6298&amp;type=,
,1 636.4850,,3.57e+05,C,54 192.294,-,60 301.283,3s4d,3D,2,3s9f,3F°,3,,https://physics.nist.gov/cgi-bin/ASBib1/get_ASBib_ref.cgi?db=tp&amp;db_id=6298&amp;comment_code=c72&amp;element=Mg&amp;spectr_charge=1&amp;ref=6298&amp;type=,
,1 636.4960,,3.38e+05,D+,54 192.335,-,60 301.283,3s4d,3D,1,3s9f,3F°,2,,https://physics.nist.gov/cgi-bin/ASBib1/get_ASBib_ref.cgi?db=tp&amp;db_id=6298&amp;comment_code=c72&amp;element=Mg&amp;spectr_charge=1&amp;ref=6298&amp;type=,
1 659.5583,1 659.567,4,6.54e+04,C,52 556.206,-,58 580.23,3s5s,1S,0,3s7p,1P°,1,,https://physics.nist.gov/cgi-bin/ASBib1/get_ASBib_ref.cgi?db=tp&amp;db_id=5539&amp;comment_code=&amp;element=Mg&amp;spectr_charge=1&amp;ref=5539&amp;type=,https://physics.nist.gov/cgi-bin/ASBib1/get_ASBib_ref.cgi?db=el&amp;db_id=6692&amp;comment_code=&amp;element=Mg&amp;spectr_charge=1&amp;ref=6692&amp;type=
1 662.1191,1 662.1188,1,1.55e+05,D,54 248.809,-,60 263.583,3s5p,3P°,0,3s9d,3D,1,,https://physics.nist.gov/cgi-bin/ASBib1/get_ASBib_ref.cgi?db=tp&amp;db_id=6298&amp;comment_code=c72&amp;element=Mg&amp;spectr_charge=1&amp;ref=6298&amp;type=,https://physics.nist.gov/cgi-bin/ASBib1/get_ASBib_ref.cgi?db=el&amp;db_id=4832&amp;comment_code=&amp;element=Mg&amp;spectr_charge=1&amp;ref=4832&amp;type=
,1 662.4718,,1.16e+05,D,54 250.086,-,60 263.583,3s5p,3P°,1,3s9d,3D,1,,https://physics.nist.gov/cgi-bin/ASBib1/get_ASBib_ref.cgi?db=tp&amp;db_id=6298&amp;comment_code=c72&amp;element=Mg&amp;spectr_charge=1&amp;ref=6298&amp;type=,
1 662.4881,1 662.4718,4,2.10e+05,D+,54 250.086,-,60 263.583,3s5p,3P°,1,3s9d,3D,2,,https://physics.nist.gov/cgi-bin/ASBib1/get_ASBib_ref.cgi?db=tp&amp;db_id=6298&amp;comment_code=c72&amp;element=Mg&amp;spectr_charge=1&amp;ref=6298&amp;type=,https://physics.nist.gov/cgi-bin/ASBib1/get_ASBib_ref.cgi?db=el&amp;db_id=4832&amp;comment_code=&amp;element=Mg&amp;spectr_charge=1&amp;ref=4832&amp;type=
,1 663.2020,,6.96e+04,D,54 252.726,-,60 263.583,3s5p,3P°,2,3s9d,3D,2,,https://physics.nist.gov/cgi-bin/ASBib1/get_ASBib_ref.cgi?db=tp&amp;db_id=6298&amp;comment_code=c72&amp;element=Mg&amp;spectr_charge=1&amp;ref=6298&amp;type=,
,1 663.2020,,7.75e+03,E,54 252.726,-,60 263.583,3s5p,3P°,2,3s9d,3D,1,,https://physics.nist.gov/cgi-bin/ASBib1/get_ASBib_ref.cgi?db=tp&amp;db_id=6298&amp;comment_code=c72&amp;element=Mg&amp;spectr_charge=1&amp;ref=6298&amp;type=,
1 663.2230,1 663.2020,7,2.79e+05,D+,54 252.726,-,60 263.583,3s5p,3P°,2,3s9d,3D,3,,https://physics.nist.gov/cgi-bin/ASBib1/get_ASBib_ref.cgi?db=tp&amp;db_id=6298&amp;comment_code=c72&amp;element=Mg&amp;spectr_charge=1&amp;ref=6298&amp;type=,https://physics.nist.gov/cgi-bin/ASBib1/get_ASBib_ref.cgi?db=el&amp;db_id=4832&amp;comment_code=&amp;element=Mg&amp;spectr_charge=1&amp;ref=4832&amp;type=
,1 707.420,,1.88e+04,E,54 248.809,-,60 104.00,3s5p,3P°,0,3s10s,3S,1,,https://physics.nist.gov/cgi-bin/ASBib1/get_ASBib_ref.cgi?db=tp&amp;db_id=6298&amp;comment_code=c72&amp;element=Mg&amp;spectr_charge=1&amp;ref=6298&amp;type=,
,1 707.792,,5.65e+04,E,54 250.086,-,60 104.00,3s5p,3P°,1,3s10s,3S,1,,https://physics.nist.gov/cgi-bin/ASBib1/get_ASBib_ref.cgi?db=tp&amp;db_id=6298&amp;comment_code=c72&amp;element=Mg&amp;spectr_charge=1&amp;ref=6298&amp;type=,
,1 708.563,,9.40e+04,D,54 252.726,-,60 104.00,3s5p,3P°,2,3s10s,3S,1,,https://physics.nist.gov/cgi-bin/ASBib1/get_ASBib_ref.cgi?db=tp&amp;db_id=6298&amp;comment_code=c72&amp;element=Mg&amp;spectr_charge=1&amp;ref=6298&amp;type=,
1 710.8631,1 710.8663,100000,8.81e+06,A,43 503.333,-,49 346.729,3s4s,1S,0,3s4p,1P°,1,,https://physics.nist.gov/cgi-bin/ASBib1/get_ASBib_ref.cgi?db=tp&amp;db_id=&amp;comment_code=c45&amp;element=Mg&amp;spectr_charge=1&amp;ref=&amp;type=,https://physics.nist.gov/cgi-bin/ASBib1/get_ASBib_ref.cgi?db=el&amp;db_id=6692&amp;comment_code=&amp;element=Mg&amp;spectr_charge=1&amp;ref=6692&amp;type=
,1 740.7402,,6.51e+04,D,54 192.256,-,59 935.370,3s4d,3D,3,3s8f,3F°,3,,https://physics.nist.gov/cgi-bin/ASBib1/get_ASBib_ref.cgi?db=tp&amp;db_id=6298&amp;comment_code=c72&amp;element=Mg&amp;spectr_charge=1&amp;ref=6298&amp;type=,
,1 740.7402,,2.57e+03,E,54 192.256,-,59 935.370,3s4d,3D,3,3s8f,3F°,2,,https://physics.nist.gov/cgi-bin/ASBib1/get_ASBib_ref.cgi?db=tp&amp;db_id=6298&amp;comment_code=c72&amp;element=Mg&amp;spectr_charge=1&amp;ref=6298&amp;type=,
,1 740.7518,,9.11e+04,D,54 192.294,-,59 935.370,3s4d,3D,2,3s8f,3F°,2,,https://physics.nist.gov/cgi-bin/ASBib1/get_ASBib_ref.cgi?db=tp&amp;db_id=6298&amp;comment_code=c72&amp;element=Mg&amp;spectr_charge=1&amp;ref=6298&amp;type=,
1 740.7536,1 740.7402,2*,5.84e+05,C,54 192.256,-,59 935.370,3s4d,3D,3,3s8f,3F°,4,,https://physics.nist.gov/cgi-bin/ASBib1/get_ASBib_ref.cgi?db=tp&amp;db_id=6298&amp;comment_code=c72&amp;element=Mg&amp;spectr_charge=1&amp;ref=6298&amp;type=,https://physics.nist.gov/cgi-bin/ASBib1/get_ASBib_ref.cgi?db=el&amp;db_id=6692&amp;comment_code=&amp;element=Mg&amp;spectr_charge=1&amp;ref=6692&amp;type=
1 740.7536,1 740.7518,2*,5.19e+05,C,54 192.294,-,59 935.370,3s4d,3D,2,3s8f,3F°,3,,https://physics.nist.gov/cgi-bin/ASBib1/get_ASBib_ref.cgi?db=tp&amp;db_id=6298&amp;comment_code=c72&amp;element=Mg&amp;spectr_charge=1&amp;ref=6298&amp;type=,https://physics.nist.gov/cgi-bin/ASBib1/get_ASBib_ref.cgi?db=el&amp;db_id=6692&amp;comment_code=&amp;element=Mg&amp;spectr_charge=1&amp;ref=6692&amp;type=
1 740.7536,1 740.7642,2*,4.91e+05,C,54 192.335,-,59 935.370,3s4d,3D,1,3s8f,3F°,2,,https://physics.nist.gov/cgi-bin/ASBib1/get_ASBib_ref.cgi?db=tp&amp;db_id=6298&amp;comment_code=c72&amp;element=Mg&amp;spectr_charge=1&amp;ref=6298&amp;type=,https://physics.nist.gov/cgi-bin/ASBib1/get_ASBib_ref.cgi?db=el&amp;db_id=6692&amp;comment_code=&amp;element=Mg&amp;spectr_charge=1&amp;ref=6692&amp;type=
,1 774.9615,,2.26e+05,D+,54 248.809,-,59 881.196,3s5p,3P°,0,3s8d,3D,1,,https://physics.nist.gov/cgi-bin/ASBib1/get_ASBib_ref.cgi?db=tp&amp;db_id=6298&amp;comment_code=c72&amp;element=Mg&amp;spectr_charge=1&amp;ref=6298&amp;type=,
,1 775.3640,,1.69e+05,D,54 250.086,-,59 881.196,3s5p,3P°,1,3s8d,3D,1,,https://physics.nist.gov/cgi-bin/ASBib1/get_ASBib_ref.cgi?db=tp&amp;db_id=6298&amp;comment_code=c72&amp;element=Mg&amp;spectr_charge=1&amp;ref=6298&amp;type=,
1 775.373,1 775.3687,1,3.05e+05,D+,54 250.086,-,59 881.181,3s5p,3P°,1,3s8d,3D,2,,https://physics.nist.gov/cgi-bin/ASBib1/get_ASBib_ref.cgi?db=tp&amp;db_id=6298&amp;comment_code=c72&amp;element=Mg&amp;spectr_charge=1&amp;ref=6298&amp;type=,https://physics.nist.gov/cgi-bin/ASBib1/get_ASBib_ref.cgi?db=el&amp;db_id=6692&amp;comment_code=&amp;element=Mg&amp;spectr_charge=1&amp;ref=6692&amp;type=
,1 776.1967,,1.13e+04,E,54 252.726,-,59 881.196,3s5p,3P°,2,3s8d,3D,1,,https://physics.nist.gov/cgi-bin/ASBib1/get_ASBib_ref.cgi?db=tp&amp;db_id=6298&amp;comment_code=c72&amp;element=Mg&amp;spectr_charge=1&amp;ref=6298&amp;type=,
,1 776.2014,,1.01e+05,D,54 252.726,-,59 881.181,3s5p,3P°,2,3s8d,3D,2,,https://physics.nist.gov/cgi-bin/ASBib1/get_ASBib_ref.cgi?db=tp&amp;db_id=6298&amp;comment_code=c72&amp;element=Mg&amp;spectr_charge=1&amp;ref=6298&amp;type=,
1 776.206,1 776.2055,1,4.06e+05,C,54 252.726,-,59 881.168,3s5p,3P°,2,3s8d,3D,3,,https://physics.nist.gov/cgi-bin/ASBib1/get_ASBib_ref.cgi?db=tp&amp;db_id=6298&amp;comment_code=c72&amp;element=Mg&amp;spectr_charge=1&amp;ref=6298&amp;type=,https://physics.nist.gov/cgi-bin/ASBib1/get_ASBib_ref.cgi?db=el&amp;db_id=6692&amp;comment_code=&amp;element=Mg&amp;spectr_charge=1&amp;ref=6692&amp;type=
1 835.837,1 835.85,6,1.35e+05,C+,53 134.642,-,58 580.23,3s4d,1D,2,3s7p,1P°,1,,https://physics.nist.gov/cgi-bin/ASBib1/get_ASBib_ref.cgi?db=tp&amp;db_id=5539&amp;comment_code=&amp;element=Mg&amp;spectr_charge=1&amp;ref=5539&amp;type=,https://physics.nist.gov/cgi-bin/ASBib1/get_ASBib_ref.cgi?db=el&amp;db_id=6692&amp;comment_code=&amp;element=Mg&amp;spectr_charge=1&amp;ref=6692&amp;type=
1 837.435,1 837.435,5*,,,53 134.642,-,58 575.527,3s4d,1D,2,3s6f,3F°,2,,,https://physics.nist.gov/cgi-bin/ASBib1/get_ASBib_ref.cgi?db=el&amp;db_id=6692&amp;comment_code=&amp;element=Mg&amp;spectr_charge=1&amp;ref=6692&amp;type=
1 837.435,1 837.435,5*,,,53 134.642,-,58 575.527,3s4d,1D,2,3s6f,3F°,3,,,https://physics.nist.gov/cgi-bin/ASBib1/get_ASBib_ref.cgi?db=el&amp;db_id=6692&amp;comment_code=&amp;element=Mg&amp;spectr_charge=1&amp;ref=6692&amp;type=
1 837.453,1 837.451,1,8.89e+05,B+,53 134.642,-,58 575.477,3s4d,1D,2,3s6f,1F°,3,,https://physics.nist.gov/cgi-bin/ASBib1/get_ASBib_ref.cgi?db=tp&amp;db_id=5539&amp;comment_code=&amp;element=Mg&amp;spectr_charge=1&amp;ref=5539&amp;type=,https://physics.nist.gov/cgi-bin/ASBib1/get_ASBib_ref.cgi?db=el&amp;db_id=6692&amp;comment_code=&amp;element=Mg&amp;spectr_charge=1&amp;ref=6692&amp;type=
,1 851.23,,2.82e+04,E,54 248.809,-,59 649.15,3s5p,3P°,0,3s9s,3S,1,,https://physics.nist.gov/cgi-bin/ASBib1/get_ASBib_ref.cgi?db=tp&amp;db_id=6298&amp;comment_code=c72&amp;element=Mg&amp;spectr_charge=1&amp;ref=6298&amp;type=,
,1 851.67,,8.46e+04,D,54 250.086,-,59 649.15,3s5p,3P°,1,3s9s,3S,1,,https://physics.nist.gov/cgi-bin/ASBib1/get_ASBib_ref.cgi?db=tp&amp;db_id=6298&amp;comment_code=c72&amp;element=Mg&amp;spectr_charge=1&amp;ref=6298&amp;type=,
,1 852.57,,1.41e+05,D,54 252.726,-,59 649.15,3s5p,3P°,2,3s9s,3S,1,,https://physics.nist.gov/cgi-bin/ASBib1/get_ASBib_ref.cgi?db=tp&amp;db_id=6298&amp;comment_code=c72&amp;element=Mg&amp;spectr_charge=1&amp;ref=6298&amp;type=,
1 895.42,1 895.42,1,4.42e+05,C,54 676.438,-,59 950.87,3s4f,1F°,3,3s8g,1G,4,,https://physics.nist.gov/cgi-bin/ASBib1/get_ASBib_ref.cgi?db=tp&amp;db_id=6298&amp;comment_code=c72&amp;element=Mg&amp;spectr_charge=1&amp;ref=6298&amp;type=,https://physics.nist.gov/cgi-bin/ASBib1/get_ASBib_ref.cgi?db=el&amp;db_id=6692&amp;comment_code=&amp;element=Mg&amp;spectr_charge=1&amp;ref=6692&amp;type=
,1 895.52,,4.14e+05,C,54 676.701,-,59 950.87,3s4f,3F°,3,3s8g,3G,4,,https://physics.nist.gov/cgi-bin/ASBib1/get_ASBib_ref.cgi?db=tp&amp;db_id=6298&amp;comment_code=c72&amp;element=Mg&amp;spectr_charge=1&amp;ref=6298&amp;type=,
1 895.52,1 895.54,2,4.42e+05,C,54 676.755,-,59 950.87,3s4f,3F°,4,3s8g,3G,5,,https://physics.nist.gov/cgi-bin/ASBib1/get_ASBib_ref.cgi?db=tp&amp;db_id=6298&amp;comment_code=c72&amp;element=Mg&amp;spectr_charge=1&amp;ref=6298&amp;type=,https://physics.nist.gov/cgi-bin/ASBib1/get_ASBib_ref.cgi?db=el&amp;db_id=6692&amp;comment_code=&amp;element=Mg&amp;spectr_charge=1&amp;ref=6692&amp;type=
,1 895.54,,2.76e+04,D,54 676.755,-,59 950.87,3s4f,3F°,4,3s8g,3G,4,,https://physics.nist.gov/cgi-bin/ASBib1/get_ASBib_ref.cgi?db=tp&amp;db_id=6298&amp;comment_code=c72&amp;element=Mg&amp;spectr_charge=1&amp;ref=6298&amp;type=,
1 919.412,1 919.412,9,8.97e+05,C+,54 192.256,-,59 400.763,3s4d,3D,3,3s7f,3F°,4,,https://physics.nist.gov/cgi-bin/ASBib1/get_ASBib_ref.cgi?db=tp&amp;db_id=6298&amp;comment_code=c72&amp;element=Mg&amp;spectr_charge=1&amp;ref=6298&amp;type=,https://physics.nist.gov/cgi-bin/ASBib1/get_ASBib_ref.cgi?db=el&amp;db_id=6692&amp;comment_code=&amp;element=Mg&amp;spectr_charge=1&amp;ref=6692&amp;type=
,1 919.412,,9.99e+04,D+,54 192.256,-,59 400.763,3s4d,3D,3,3s7f,3F°,3,,https://physics.nist.gov/cgi-bin/ASBib1/get_ASBib_ref.cgi?db=tp&amp;db_id=6298&amp;comment_code=c72&amp;element=Mg&amp;spectr_charge=1&amp;ref=6298&amp;type=,
,1 919.412,,3.95e+03,E,54 192.256,-,59 400.763,3s4d,3D,3,3s7f,3F°,2,,https://physics.nist.gov/cgi-bin/ASBib1/get_ASBib_ref.cgi?db=tp&amp;db_id=6298&amp;comment_code=c72&amp;element=Mg&amp;spectr_charge=1&amp;ref=6298&amp;type=,
,1 919.426,,1.40e+05,D+,54 192.294,-,59 400.763,3s4d,3D,2,3s7f,3F°,2,,https://physics.nist.gov/cgi-bin/ASBib1/get_ASBib_ref.cgi?db=tp&amp;db_id=6298&amp;comment_code=c72&amp;element=Mg&amp;spectr_charge=1&amp;ref=6298&amp;type=,
1 919.436,1 919.426,7,7.96e+05,C,54 192.294,-,59 400.763,3s4d,3D,2,3s7f,3F°,3,,https://physics.nist.gov/cgi-bin/ASBib1/get_ASBib_ref.cgi?db=tp&amp;db_id=6298&amp;comment_code=c72&amp;element=Mg&amp;spectr_charge=1&amp;ref=6298&amp;type=,https://physics.nist.gov/cgi-bin/ASBib1/get_ASBib_ref.cgi?db=el&amp;db_id=6692&amp;comment_code=&amp;element=Mg&amp;spectr_charge=1&amp;ref=6692&amp;type=
1 919.448,1 919.441,5,7.52e+05,C,54 192.335,-,59 400.763,3s4d,3D,1,3s7f,3F°,2,,https://physics.nist.gov/cgi-bin/ASBib1/get_ASBib_ref.cgi?db=tp&amp;db_id=6298&amp;comment_code=c72&amp;element=Mg&amp;spectr_charge=1&amp;ref=6298&amp;type=,https://physics.nist.gov/cgi-bin/ASBib1/get_ASBib_ref.cgi?db=el&amp;db_id=6692&amp;comment_code=&amp;element=Mg&amp;spectr_charge=1&amp;ref=6692&amp;type=
,1 920.461,,2.31e-13,E,41 197.403,-,46 403.065,3s4s,3S,1,3s3d,1D,2,M1,https://physics.nist.gov/cgi-bin/ASBib1/get_ASBib_ref.cgi?db=tp&amp;db_id=&amp;comment_code=c43&amp;element=Mg&amp;spectr_charge=1&amp;ref=&amp;type=M1,
,1 920.461,,3.12e-07,C+,41 197.403,-,46 403.065,3s4s,3S,1,3s3d,1D,2,E2,https://physics.nist.gov/cgi-bin/ASBib1/get_ASBib_ref.cgi?db=tp&amp;db_id=&amp;comment_code=c43&amp;element=Mg&amp;spectr_charge=1&amp;ref=&amp;type=E2,
,1 941.12,,4.41e+04,D,54 192.256,-,59 342.51,3s4d,3D,3,3s8p,3P°,2,,https://physics.nist.gov/cgi-bin/ASBib1/get_ASBib_ref.cgi?db=tp&amp;db_id=6298&amp;comment_code=c72&amp;element=Mg&amp;spectr_charge=1&amp;ref=6298&amp;type=,
,1 941.14,,7.89e+03,E,54 192.294,-,59 342.51,3s4d,3D,2,3s8p,3P°,2,,https://physics.nist.gov/cgi-bin/ASBib1/get_ASBib_ref.cgi?db=tp&amp;db_id=6298&amp;comment_code=c72&amp;element=Mg&amp;spectr_charge=1&amp;ref=6298&amp;type=,
,1 941.14,,3.95e+04,E,54 192.294,-,59 342.51,3s4d,3D,2,3s8p,3P°,1,,https://physics.nist.gov/cgi-bin/ASBib1/get_ASBib_ref.cgi?db=tp&amp;db_id=6298&amp;comment_code=c72&amp;element=Mg&amp;spectr_charge=1&amp;ref=6298&amp;type=,
,1 941.15,,5.27e+02,E,54 192.335,-,59 342.51,3s4d,3D,1,3s8p,3P°,2,,https://physics.nist.gov/cgi-bin/ASBib1/get_ASBib_ref.cgi?db=tp&amp;db_id=6298&amp;comment_code=c72&amp;element=Mg&amp;spectr_charge=1&amp;ref=6298&amp;type=,
,1 941.15,,5.26e+04,E,54 192.335,-,59 342.51,3s4d,3D,1,3s8p,3P°,0,,https://physics.nist.gov/cgi-bin/ASBib1/get_ASBib_ref.cgi?db=tp&amp;db_id=6298&amp;comment_code=c72&amp;element=Mg&amp;spectr_charge=1&amp;ref=6298&amp;type=,
,1 941.15,,1.31e+04,E,54 192.335,-,59 342.51,3s4d,3D,1,3s8p,3P°,1,,https://physics.nist.gov/cgi-bin/ASBib1/get_ASBib_ref.cgi?db=tp&amp;db_id=6298&amp;comment_code=c72&amp;element=Mg&amp;spectr_charge=1&amp;ref=6298&amp;type=,
1 942.526,1 942.538,35,3.55e+05,C+,51 872.526,-,57 019.025,3s5s,3S,1,3s6p,3P°,2,,https://physics.nist.gov/cgi-bin/ASBib1/get_ASBib_ref.cgi?db=tp&amp;db_id=6298&amp;comment_code=c72&amp;element=Mg&amp;spectr_charge=1&amp;ref=6298&amp;type=,https://physics.nist.gov/cgi-bin/ASBib1/get_ASBib_ref.cgi?db=el&amp;db_id=6692&amp;comment_code=&amp;element=Mg&amp;spectr_charge=1&amp;ref=6692&amp;type=
1 943.023,1 943.029,20,3.55e+05,C+,51 872.526,-,57 017.724,3s5s,3S,1,3s6p,3P°,1,,https://physics.nist.gov/cgi-bin/ASBib1/get_ASBib_ref.cgi?db=tp&amp;db_id=6298&amp;comment_code=c72&amp;element=Mg&amp;spectr_charge=1&amp;ref=6298&amp;type=,https://physics.nist.gov/cgi-bin/ASBib1/get_ASBib_ref.cgi?db=el&amp;db_id=6692&amp;comment_code=&amp;element=Mg&amp;spectr_charge=1&amp;ref=6692&amp;type=
1 943.265,1 943.273,7,3.54e+05,C,51 872.526,-,57 017.078,3s5s,3S,1,3s6p,3P°,0,,https://physics.nist.gov/cgi-bin/ASBib1/get_ASBib_ref.cgi?db=tp&amp;db_id=6298&amp;comment_code=c72&amp;element=Mg&amp;spectr_charge=1&amp;ref=6298&amp;type=,https://physics.nist.gov/cgi-bin/ASBib1/get_ASBib_ref.cgi?db=el&amp;db_id=6692&amp;comment_code=&amp;element=Mg&amp;spectr_charge=1&amp;ref=6692&amp;type=
1 971.849,1 971.854,1,3.47e+05,D+,54 248.809,-,59 318.793,3s5p,3P°,0,3s7d,3D,1,,https://physics.nist.gov/cgi-bin/ASBib1/get_ASBib_ref.cgi?db=tp&amp;db_id=6298&amp;comment_code=c72&amp;element=Mg&amp;spectr_charge=1&amp;ref=6298&amp;type=,https://physics.nist.gov/cgi-bin/ASBib1/get_ASBib_ref.cgi?db=el&amp;db_id=6692&amp;comment_code=&amp;element=Mg&amp;spectr_charge=1&amp;ref=6692&amp;type=
,1 972.351,,2.60e+05,D+,54 250.086,-,59 318.793,3s5p,3P°,1,3s7d,3D,1,,https://physics.nist.gov/cgi-bin/ASBib1/get_ASBib_ref.cgi?db=tp&amp;db_id=6298&amp;comment_code=c72&amp;element=Mg&amp;spectr_charge=1&amp;ref=6298&amp;type=,
1 972.354,1 972.358,3,4.69e+05,C,54 250.086,-,59 318.775,3s5p,3P°,1,3s7d,3D,2,,https://physics.nist.gov/cgi-bin/ASBib1/get_ASBib_ref.cgi?db=tp&amp;db_id=6298&amp;comment_code=c72&amp;element=Mg&amp;spectr_charge=1&amp;ref=6298&amp;type=,https://physics.nist.gov/cgi-bin/ASBib1/get_ASBib_ref.cgi?db=el&amp;db_id=6692&amp;comment_code=&amp;element=Mg&amp;spectr_charge=1&amp;ref=6692&amp;type=
,1 973.379,,1.73e+04,E,54 252.726,-,59 318.793,3s5p,3P°,2,3s7d,3D,1,,https://physics.nist.gov/cgi-bin/ASBib1/get_ASBib_ref.cgi?db=tp&amp;db_id=6298&amp;comment_code=c72&amp;element=Mg&amp;spectr_charge=1&amp;ref=6298&amp;type=,
,1 973.386,,1.56e+05,D+,54 252.726,-,59 318.775,3s5p,3P°,2,3s7d,3D,2,,https://physics.nist.gov/cgi-bin/ASBib1/get_ASBib_ref.cgi?db=tp&amp;db_id=6298&amp;comment_code=c72&amp;element=Mg&amp;spectr_charge=1&amp;ref=6298&amp;type=,
1 973.387,1 973.390,5,6.24e+05,C,54 252.726,-,59 318.764,3s5p,3P°,2,3s7d,3D,3,,https://physics.nist.gov/cgi-bin/ASBib1/get_ASBib_ref.cgi?db=tp&amp;db_id=6298&amp;comment_code=c72&amp;element=Mg&amp;spectr_charge=1&amp;ref=6298&amp;type=,https://physics.nist.gov/cgi-bin/ASBib1/get_ASBib_ref.cgi?db=el&amp;db_id=6692&amp;comment_code=&amp;element=Mg&amp;spectr_charge=1&amp;ref=6692&amp;type=
,1 994.049,,3.59e+04,D,54 676.438,-,59 689.991,3s4f,1F°,3,3s8d,1D,2,,https://physics.nist.gov/cgi-bin/ASBib1/get_ASBib_ref.cgi?db=tp&amp;db_id=6298&amp;comment_code=c72&amp;element=Mg&amp;spectr_charge=1&amp;ref=6298&amp;type=,
,1 999.22,,1.92e+05,D,54 706.536,-,59 707.11,3s5p,1P°,1,3s9s,1S,0,,https://physics.nist.gov/cgi-bin/ASBib1/get_ASBib_ref.cgi?db=tp&amp;db_id=6298&amp;comment_code=c72&amp;element=Mg&amp;spectr_charge=1&amp;ref=6298&amp;type=,
2 106.551,2 106.550,5,7.68e+05,C+,54 676.438,-,59 423.537,3s4f,1F°,3,3s7g,1G,4,,https://physics.nist.gov/cgi-bin/ASBib1/get_ASBib_ref.cgi?db=tp&amp;db_id=6298&amp;comment_code=c72&amp;element=Mg&amp;spectr_charge=1&amp;ref=6298&amp;type=,https://physics.nist.gov/cgi-bin/ASBib1/get_ASBib_ref.cgi?db=el&amp;db_id=6692&amp;comment_code=&amp;element=Mg&amp;spectr_charge=1&amp;ref=6692&amp;type=
,2 106.7,,9.41e+02,E,54 676.755,-,59 423.537,3s4f,3F°,4,3s7g,3G,3,,https://physics.nist.gov/cgi-bin/ASBib1/get_ASBib_ref.cgi?db=tp&amp;db_id=6298&amp;comment_code=c72&amp;element=Mg&amp;spectr_charge=1&amp;ref=6298&amp;type=,
,2 106.7,,6.18e+04,D+,54 676.701,-,59 423.537,3s4f,3F°,3,3s7g,3G,3,,https://physics.nist.gov/cgi-bin/ASBib1/get_ASBib_ref.cgi?db=tp&amp;db_id=6298&amp;comment_code=c72&amp;element=Mg&amp;spectr_charge=1&amp;ref=6298&amp;type=,
,2 106.7,,4.81e+04,D+,54 676.755,-,59 423.537,3s4f,3F°,4,3s7g,3G,4,,https://physics.nist.gov/cgi-bin/ASBib1/get_ASBib_ref.cgi?db=tp&amp;db_id=6298&amp;comment_code=c72&amp;element=Mg&amp;spectr_charge=1&amp;ref=6298&amp;type=,
2 106.65,2 106.646,6,7.05e+05,C+,54 676.654,-,59 423.537,3s4f,3F°,2,3s7g,3G,3,,https://physics.nist.gov/cgi-bin/ASBib1/get_ASBib_ref.cgi?db=tp&amp;db_id=6298&amp;comment_code=c72&amp;element=Mg&amp;spectr_charge=1&amp;ref=6298&amp;type=,https://physics.nist.gov/cgi-bin/ASBib1/get_ASBib_ref.cgi?db=el&amp;db_id=6692&amp;comment_code=&amp;element=Mg&amp;spectr_charge=1&amp;ref=6692&amp;type=
2 106.664,2 106.666,6,7.19e+05,C+,54 676.701,-,59 423.537,3s4f,3F°,3,3s7g,3G,4,,https://physics.nist.gov/cgi-bin/ASBib1/get_ASBib_ref.cgi?db=tp&amp;db_id=6298&amp;comment_code=c72&amp;element=Mg&amp;spectr_charge=1&amp;ref=6298&amp;type=,https://physics.nist.gov/cgi-bin/ASBib1/get_ASBib_ref.cgi?db=el&amp;db_id=6692&amp;comment_code=&amp;element=Mg&amp;spectr_charge=1&amp;ref=6692&amp;type=
2 106.684,2 106.690,6,7.67e+05,C+,54 676.755,-,59 423.537,3s4f,3F°,4,3s7g,3G,5,,https://physics.nist.gov/cgi-bin/ASBib1/get_ASBib_ref.cgi?db=tp&amp;db_id=6298&amp;comment_code=c72&amp;element=Mg&amp;spectr_charge=1&amp;ref=6298&amp;type=,https://physics.nist.gov/cgi-bin/ASBib1/get_ASBib_ref.cgi?db=el&amp;db_id=6692&amp;comment_code=&amp;element=Mg&amp;spectr_charge=1&amp;ref=6692&amp;type=
2 121.393,2 121.372,40d,4.55e+04,D,54 248.809,-,58 962.739,3s5p,3P°,0,3s8s,3S,1,,https://physics.nist.gov/cgi-bin/ASBib1/get_ASBib_ref.cgi?db=tp&amp;db_id=6298&amp;comment_code=c72&amp;element=Mg&amp;spectr_charge=1&amp;ref=6298&amp;type=,https://physics.nist.gov/cgi-bin/ASBib1/get_ASBib_ref.cgi?db=el&amp;db_id=4832&amp;comment_code=&amp;element=Mg&amp;spectr_charge=1&amp;ref=4832&amp;type=
2 121.952,2 121.947,1,1.36e+05,D+,54 250.086,-,58 962.739,3s5p,3P°,1,3s8s,3S,1,,https://physics.nist.gov/cgi-bin/ASBib1/get_ASBib_ref.cgi?db=tp&amp;db_id=6298&amp;comment_code=c72&amp;element=Mg&amp;spectr_charge=1&amp;ref=6298&amp;type=,https://physics.nist.gov/cgi-bin/ASBib1/get_ASBib_ref.cgi?db=el&amp;db_id=6692&amp;comment_code=&amp;element=Mg&amp;spectr_charge=1&amp;ref=6692&amp;type=
2 123.141,2 123.136,2,2.27e+05,D+,54 252.726,-,58 962.739,3s5p,3P°,2,3s8s,3S,1,,https://physics.nist.gov/cgi-bin/ASBib1/get_ASBib_ref.cgi?db=tp&amp;db_id=6298&amp;comment_code=c72&amp;element=Mg&amp;spectr_charge=1&amp;ref=6298&amp;type=,https://physics.nist.gov/cgi-bin/ASBib1/get_ASBib_ref.cgi?db=el&amp;db_id=6692&amp;comment_code=&amp;element=Mg&amp;spectr_charge=1&amp;ref=6692&amp;type=
2 146.472,2 146.482,45,2.32e+05,B+,52 556.206,-,57 214.992,3s5s,1S,0,3s6p,1P°,1,,https://physics.nist.gov/cgi-bin/ASBib1/get_ASBib_ref.cgi?db=tp&amp;db_id=5539&amp;comment_code=&amp;element=Mg&amp;spectr_charge=1&amp;ref=5539&amp;type=,https://physics.nist.gov/cgi-bin/ASBib1/get_ASBib_ref.cgi?db=el&amp;db_id=6692&amp;comment_code=&amp;element=Mg&amp;spectr_charge=1&amp;ref=6692&amp;type=
,2 154.2,,6.74e+01,E,54 676.654,-,59 318.764,3s4f,3F°,2,3s7d,3D,3,,https://physics.nist.gov/cgi-bin/ASBib1/get_ASBib_ref.cgi?db=tp&amp;db_id=6298&amp;comment_code=c72&amp;element=Mg&amp;spectr_charge=1&amp;ref=6298&amp;type=,
,2 154.2,,2.99e+04,E,54 676.654,-,59 318.793,3s4f,3F°,2,3s7d,3D,1,,https://physics.nist.gov/cgi-bin/ASBib1/get_ASBib_ref.cgi?db=tp&amp;db_id=6298&amp;comment_code=c72&amp;element=Mg&amp;spectr_charge=1&amp;ref=6298&amp;type=,
,2 154.2,,3.35e+03,E,54 676.654,-,59 318.775,3s4f,3F°,2,3s7d,3D,2,,https://physics.nist.gov/cgi-bin/ASBib1/get_ASBib_ref.cgi?db=tp&amp;db_id=6298&amp;comment_code=c72&amp;element=Mg&amp;spectr_charge=1&amp;ref=6298&amp;type=,
,2 154.2,,2.39e+03,E,54 676.701,-,59 318.764,3s4f,3F°,3,3s7d,3D,3,,https://physics.nist.gov/cgi-bin/ASBib1/get_ASBib_ref.cgi?db=tp&amp;db_id=6298&amp;comment_code=c72&amp;element=Mg&amp;spectr_charge=1&amp;ref=6298&amp;type=,
,2 154.2,,2.75e+04,D,54 676.755,-,59 318.764,3s4f,3F°,4,3s7d,3D,3,,https://physics.nist.gov/cgi-bin/ASBib1/get_ASBib_ref.cgi?db=tp&amp;db_id=6298&amp;comment_code=c72&amp;element=Mg&amp;spectr_charge=1&amp;ref=6298&amp;type=,
,2 154.2,,2.66e+04,D,54 676.701,-,59 318.775,3s4f,3F°,3,3s7d,3D,2,,https://physics.nist.gov/cgi-bin/ASBib1/get_ASBib_ref.cgi?db=tp&amp;db_id=6298&amp;comment_code=c72&amp;element=Mg&amp;spectr_charge=1&amp;ref=6298&amp;type=,
,2 245.3,,2.78e-15,E,43 503.333,-,47 957.058,3s4s,1S,0,3s3d,3D,1,M1,https://physics.nist.gov/cgi-bin/ASBib1/get_ASBib_ref.cgi?db=tp&amp;db_id=&amp;comment_code=c43&amp;element=Mg&amp;spectr_charge=1&amp;ref=&amp;type=M1,
,2 245.3,,2.03e-07,C+,43 503.333,-,47 957.027,3s4s,1S,0,3s3d,3D,2,E2,https://physics.nist.gov/cgi-bin/ASBib1/get_ASBib_ref.cgi?db=tp&amp;db_id=&amp;comment_code=c43&amp;element=Mg&amp;spectr_charge=1&amp;ref=&amp;type=E2,
2 281.397,2 281.401,45,1.49e+06,B+,54 192.256,-,58 575.527,3s4d,3D,3,3s6f,3F°,4,,https://physics.nist.gov/cgi-bin/ASBib1/get_ASBib_ref.cgi?db=tp&amp;db_id=6298&amp;comment_code=c72&amp;element=Mg&amp;spectr_charge=1&amp;ref=6298&amp;type=,https://physics.nist.gov/cgi-bin/ASBib1/get_ASBib_ref.cgi?db=el&amp;db_id=6692&amp;comment_code=&amp;element=Mg&amp;spectr_charge=1&amp;ref=6692&amp;type=
,2 281.4,,1.65e+05,C+,54 192.256,-,58 575.527,3s4d,3D,3,3s6f,3F°,3,,https://physics.nist.gov/cgi-bin/ASBib1/get_ASBib_ref.cgi?db=tp&amp;db_id=6298&amp;comment_code=c72&amp;element=Mg&amp;spectr_charge=1&amp;ref=6298&amp;type=,
,2 281.4,,6.51e+03,D+,54 192.256,-,58 575.527,3s4d,3D,3,3s6f,3F°,2,,https://physics.nist.gov/cgi-bin/ASBib1/get_ASBib_ref.cgi?db=tp&amp;db_id=6298&amp;comment_code=c72&amp;element=Mg&amp;spectr_charge=1&amp;ref=6298&amp;type=,
,2 281.4,,2.31e+05,C+,54 192.294,-,58 575.527,3s4d,3D,2,3s6f,3F°,2,,https://physics.nist.gov/cgi-bin/ASBib1/get_ASBib_ref.cgi?db=tp&amp;db_id=6298&amp;comment_code=c72&amp;element=Mg&amp;spectr_charge=1&amp;ref=6298&amp;type=,
2 281.425,2 281.421,30*,1.32e+06,B+,54 192.294,-,58 575.527,3s4d,3D,2,3s6f,3F°,3,,https://physics.nist.gov/cgi-bin/ASBib1/get_ASBib_ref.cgi?db=tp&amp;db_id=6298&amp;comment_code=c72&amp;element=Mg&amp;spectr_charge=1&amp;ref=6298&amp;type=,https://physics.nist.gov/cgi-bin/ASBib1/get_ASBib_ref.cgi?db=el&amp;db_id=6692&amp;comment_code=&amp;element=Mg&amp;spectr_charge=1&amp;ref=6692&amp;type=
2 281.425,2 281.427,30*,,,54 192.256,-,58 575.477,3s4d,3D,3,3s6f,1F°,3,,,https://physics.nist.gov/cgi-bin/ASBib1/get_ASBib_ref.cgi?db=el&amp;db_id=6692&amp;comment_code=&amp;element=Mg&amp;spectr_charge=1&amp;ref=6692&amp;type=
2 281.449,2 281.442,25*,1.25e+06,B,54 192.335,-,58 575.527,3s4d,3D,1,3s6f,3F°,2,,https://physics.nist.gov/cgi-bin/ASBib1/get_ASBib_ref.cgi?db=tp&amp;db_id=6298&amp;comment_code=c72&amp;element=Mg&amp;spectr_charge=1&amp;ref=6298&amp;type=,https://physics.nist.gov/cgi-bin/ASBib1/get_ASBib_ref.cgi?db=el&amp;db_id=6692&amp;comment_code=&amp;element=Mg&amp;spectr_charge=1&amp;ref=6692&amp;type=
2 281.449,2 281.447,25*,,,54 192.294,-,58 575.477,3s4d,3D,2,3s6f,1F°,3,,,https://physics.nist.gov/cgi-bin/ASBib1/get_ASBib_ref.cgi?db=el&amp;db_id=6692&amp;comment_code=&amp;element=Mg&amp;spectr_charge=1&amp;ref=6692&amp;type=
,2 284.9,,6.00e+03,D,56 186.873,-,60 563.35,3s6s,1S,0,3s11p,1P°,1,,https://physics.nist.gov/cgi-bin/ASBib1/get_ASBib_ref.cgi?db=tp&amp;db_id=6298&amp;comment_code=c72&amp;element=Mg&amp;spectr_charge=1&amp;ref=6298&amp;type=,
2 291.170,2 291.171,2,6.01e+04,D+,54 676.438,-,59 041.019,3s4f,1F°,3,3s7d,1D,2,,https://physics.nist.gov/cgi-bin/ASBib1/get_ASBib_ref.cgi?db=tp&amp;db_id=6298&amp;comment_code=c72&amp;element=Mg&amp;spectr_charge=1&amp;ref=6298&amp;type=,https://physics.nist.gov/cgi-bin/ASBib1/get_ASBib_ref.cgi?db=el&amp;db_id=6692&amp;comment_code=&amp;element=Mg&amp;spectr_charge=1&amp;ref=6692&amp;type=
2 300.461,2 300.446,3,3.44e+05,C+,54 706.536,-,59 053.52,3s5p,1P°,1,3s8s,1S,0,,https://physics.nist.gov/cgi-bin/ASBib1/get_ASBib_ref.cgi?db=tp&amp;db_id=5539&amp;comment_code=&amp;element=Mg&amp;spectr_charge=1&amp;ref=5539&amp;type=,https://physics.nist.gov/cgi-bin/ASBib1/get_ASBib_ref.cgi?db=el&amp;db_id=6692&amp;comment_code=&amp;element=Mg&amp;spectr_charge=1&amp;ref=6692&amp;type=
,2 333.5,,1.41e+04,E,54 192.294,-,58 477.760,3s4d,3D,2,3s7p,3P°,2,,https://physics.nist.gov/cgi-bin/ASBib1/get_ASBib_ref.cgi?db=tp&amp;db_id=6298&amp;comment_code=c72&amp;element=Mg&amp;spectr_charge=1&amp;ref=6298&amp;type=,
,2 333.5,,9.33e+02,E,54 192.335,-,58 477.760,3s4d,3D,1,3s7p,3P°,2,,https://physics.nist.gov/cgi-bin/ASBib1/get_ASBib_ref.cgi?db=tp&amp;db_id=6298&amp;comment_code=c72&amp;element=Mg&amp;spectr_charge=1&amp;ref=6298&amp;type=,
2 333.446,2 333.448,1,7.87e+04,D+,54 192.256,-,58 477.760,3s4d,3D,3,3s7p,3P°,2,,https://physics.nist.gov/cgi-bin/ASBib1/get_ASBib_ref.cgi?db=tp&amp;db_id=6298&amp;comment_code=c72&amp;element=Mg&amp;spectr_charge=1&amp;ref=6298&amp;type=,https://physics.nist.gov/cgi-bin/ASBib1/get_ASBib_ref.cgi?db=el&amp;db_id=6692&amp;comment_code=&amp;element=Mg&amp;spectr_charge=1&amp;ref=6692&amp;type=
,2 333.9,,2.34e+04,E,54 192.335,-,58 477.020,3s4d,3D,1,3s7p,3P°,1,,https://physics.nist.gov/cgi-bin/ASBib1/get_ASBib_ref.cgi?db=tp&amp;db_id=6298&amp;comment_code=c72&amp;element=Mg&amp;spectr_charge=1&amp;ref=6298&amp;type=,
,2 333.9,,7.02e+04,D,54 192.294,-,58 477.020,3s4d,3D,2,3s7p,3P°,1,,https://physics.nist.gov/cgi-bin/ASBib1/get_ASBib_ref.cgi?db=tp&amp;db_id=6298&amp;comment_code=c72&amp;element=Mg&amp;spectr_charge=1&amp;ref=6298&amp;type=,
,2 334.074,,9.37e+04,D,54 192.335,-,58 476.689,3s4d,3D,1,3s7p,3P°,0,,https://physics.nist.gov/cgi-bin/ASBib1/get_ASBib_ref.cgi?db=tp&amp;db_id=6298&amp;comment_code=c72&amp;element=Mg&amp;spectr_charge=1&amp;ref=6298&amp;type=,
,2 350.2,,2.88e+04,C,56 308.381,-,60 563.35,3s5d,1D,2,3s11p,1P°,1,,https://physics.nist.gov/cgi-bin/ASBib1/get_ASBib_ref.cgi?db=tp&amp;db_id=6298&amp;comment_code=c72&amp;element=Mg&amp;spectr_charge=1&amp;ref=6298&amp;type=,
,2 350.6,,4.55e+04,D+,56 308.381,-,60 562.637,3s5d,1D,2,3s10f,1F°,3,,https://physics.nist.gov/cgi-bin/ASBib1/get_ASBib_ref.cgi?db=tp&amp;db_id=6298&amp;comment_code=c72&amp;element=Mg&amp;spectr_charge=1&amp;ref=6298&amp;type=,
2 384.318,2 384.322,5,5.75e+05,B,54 248.809,-,58 442.874,3s5p,3P°,0,3s6d,3D,1,,https://physics.nist.gov/cgi-bin/ASBib1/get_ASBib_ref.cgi?db=tp&amp;db_id=6298&amp;comment_code=c72&amp;element=Mg&amp;spectr_charge=1&amp;ref=6298&amp;type=,https://physics.nist.gov/cgi-bin/ASBib1/get_ASBib_ref.cgi?db=el&amp;db_id=6692&amp;comment_code=&amp;element=Mg&amp;spectr_charge=1&amp;ref=6692&amp;type=
,2 385.048,,4.32e+05,C+,54 250.086,-,58 442.874,3s5p,3P°,1,3s6d,3D,1,,https://physics.nist.gov/cgi-bin/ASBib1/get_ASBib_ref.cgi?db=tp&amp;db_id=6298&amp;comment_code=c72&amp;element=Mg&amp;spectr_charge=1&amp;ref=6298&amp;type=,
2 385.07,2 385.060,12,7.74e+05,B,54 250.086,-,58 442.853,3s5p,3P°,1,3s6d,3D,2,,https://physics.nist.gov/cgi-bin/ASBib1/get_ASBib_ref.cgi?db=tp&amp;db_id=6298&amp;comment_code=c72&amp;element=Mg&amp;spectr_charge=1&amp;ref=6298&amp;type=,https://physics.nist.gov/cgi-bin/ASBib1/get_ASBib_ref.cgi?db=el&amp;db_id=6692&amp;comment_code=&amp;element=Mg&amp;spectr_charge=1&amp;ref=6692&amp;type=
,2 386.551,,2.87e+04,C,54 252.726,-,58 442.874,3s5p,3P°,2,3s6d,3D,1,,https://physics.nist.gov/cgi-bin/ASBib1/get_ASBib_ref.cgi?db=tp&amp;db_id=6298&amp;comment_code=c72&amp;element=Mg&amp;spectr_charge=1&amp;ref=6298&amp;type=,
,2 386.563,,2.58e+05,C+,54 252.726,-,58 442.853,3s5p,3P°,2,3s6d,3D,2,,https://physics.nist.gov/cgi-bin/ASBib1/get_ASBib_ref.cgi?db=tp&amp;db_id=6298&amp;comment_code=c72&amp;element=Mg&amp;spectr_charge=1&amp;ref=6298&amp;type=,
2 386.573,2 386.568,25,1.03e+06,B+,54 252.726,-,58 442.843,3s5p,3P°,2,3s6d,3D,3,,https://physics.nist.gov/cgi-bin/ASBib1/get_ASBib_ref.cgi?db=tp&amp;db_id=6298&amp;comment_code=c72&amp;element=Mg&amp;spectr_charge=1&amp;ref=6298&amp;type=,https://physics.nist.gov/cgi-bin/ASBib1/get_ASBib_ref.cgi?db=el&amp;db_id=6692&amp;comment_code=&amp;element=Mg&amp;spectr_charge=1&amp;ref=6692&amp;type=
2 450.756,2 450.770,40,2.41e+05,B+,53 134.642,-,57 214.992,3s4d,1D,2,3s6p,1P°,1,,https://physics.nist.gov/cgi-bin/ASBib1/get_ASBib_ref.cgi?db=tp&amp;db_id=5539&amp;comment_code=&amp;element=Mg&amp;spectr_charge=1&amp;ref=5539&amp;type=,https://physics.nist.gov/cgi-bin/ASBib1/get_ASBib_ref.cgi?db=el&amp;db_id=6692&amp;comment_code=&amp;element=Mg&amp;spectr_charge=1&amp;ref=6692&amp;type=
2 457.226,2 457.229,8,,,53 134.642,-,57 204.267,3s4d,1D,2,3s5f,3F°,3,,,https://physics.nist.gov/cgi-bin/ASBib1/get_ASBib_ref.cgi?db=el&amp;db_id=6692&amp;comment_code=&amp;element=Mg&amp;spectr_charge=1&amp;ref=6692&amp;type=
2 457.300,2 457.292,150,9.39e+05,A,53 134.642,-,57 204.163,3s4d,1D,2,3s5f,1F°,3,,https://physics.nist.gov/cgi-bin/ASBib1/get_ASBib_ref.cgi?db=tp&amp;db_id=5539&amp;comment_code=&amp;element=Mg&amp;spectr_charge=1&amp;ref=5539&amp;type=,https://physics.nist.gov/cgi-bin/ASBib1/get_ASBib_ref.cgi?db=el&amp;db_id=6692&amp;comment_code=&amp;element=Mg&amp;spectr_charge=1&amp;ref=6692&amp;type=
2 480.536,2 480.524,450,1.00e+06,B,47 841.119,-,51 872.526,3s4p,3P°,0,3s5s,3S,1,,https://physics.nist.gov/cgi-bin/ASBib1/get_ASBib_ref.cgi?db=tp&amp;db_id=6298&amp;comment_code=c72&amp;element=Mg&amp;spectr_charge=1&amp;ref=6298&amp;type=,https://physics.nist.gov/cgi-bin/ASBib1/get_ASBib_ref.cgi?db=el&amp;db_id=6692&amp;comment_code=&amp;element=Mg&amp;spectr_charge=1&amp;ref=6692&amp;type=
2 482.569,2 482.553,1380,3.01e+06,B+,47 844.414,-,51 872.526,3s4p,3P°,1,3s5s,3S,1,,https://physics.nist.gov/cgi-bin/ASBib1/get_ASBib_ref.cgi?db=tp&amp;db_id=6298&amp;comment_code=c72&amp;element=Mg&amp;spectr_charge=1&amp;ref=6298&amp;type=,https://physics.nist.gov/cgi-bin/ASBib1/get_ASBib_ref.cgi?db=el&amp;db_id=6692&amp;comment_code=&amp;element=Mg&amp;spectr_charge=1&amp;ref=6692&amp;type=
2 486.733,2 486.718,2250,4.98e+06,B+,47 851.162,-,51 872.526,3s4p,3P°,2,3s5s,3S,1,,https://physics.nist.gov/cgi-bin/ASBib1/get_ASBib_ref.cgi?db=tp&amp;db_id=6298&amp;comment_code=c72&amp;element=Mg&amp;spectr_charge=1&amp;ref=6298&amp;type=,https://physics.nist.gov/cgi-bin/ASBib1/get_ASBib_ref.cgi?db=el&amp;db_id=6692&amp;comment_code=&amp;element=Mg&amp;spectr_charge=1&amp;ref=6692&amp;type=
,2 496.2,,2.91e+04,D,55 891.80,-,59 897.86,3s6s,3S,1,3s9p,3P°,1,,https://physics.nist.gov/cgi-bin/ASBib1/get_ASBib_ref.cgi?db=tp&amp;db_id=6298&amp;comment_code=c72&amp;element=Mg&amp;spectr_charge=1&amp;ref=6298&amp;type=,
,2 496.2,,2.92e+04,D,55 891.80,-,59 897.86,3s6s,3S,1,3s9p,3P°,2,,https://physics.nist.gov/cgi-bin/ASBib1/get_ASBib_ref.cgi?db=tp&amp;db_id=6298&amp;comment_code=c72&amp;element=Mg&amp;spectr_charge=1&amp;ref=6298&amp;type=,
,2 496.2,,2.91e+04,E,55 891.80,-,59 897.86,3s6s,3S,1,3s9p,3P°,0,,https://physics.nist.gov/cgi-bin/ASBib1/get_ASBib_ref.cgi?db=tp&amp;db_id=6298&amp;comment_code=c72&amp;element=Mg&amp;spectr_charge=1&amp;ref=6298&amp;type=,
,2 503.8,,3.99e+04,D,56 308.381,-,60 302.30,3s5d,1D,2,3s10p,1P°,1,,https://physics.nist.gov/cgi-bin/ASBib1/get_ASBib_ref.cgi?db=tp&amp;db_id=6298&amp;comment_code=c72&amp;element=Mg&amp;spectr_charge=1&amp;ref=6298&amp;type=,
,2 504.4,,5.43e+04,D+,56 308.381,-,60 301.283,3s5d,1D,2,3s9f,1F°,3,,https://physics.nist.gov/cgi-bin/ASBib1/get_ASBib_ref.cgi?db=tp&amp;db_id=6298&amp;comment_code=c72&amp;element=Mg&amp;spectr_charge=1&amp;ref=6298&amp;type=,
2 541.709,2 541.711,40,1.56e+06,B+,54 676.438,-,58 610.795,3s4f,1F°,3,3s6g,1G,4,,https://physics.nist.gov/cgi-bin/ASBib1/get_ASBib_ref.cgi?db=tp&amp;db_id=6298&amp;comment_code=c72&amp;element=Mg&amp;spectr_charge=1&amp;ref=6298&amp;type=,https://physics.nist.gov/cgi-bin/ASBib1/get_ASBib_ref.cgi?db=el&amp;db_id=6692&amp;comment_code=&amp;element=Mg&amp;spectr_charge=1&amp;ref=6692&amp;type=
,2 541.9,,1.26e+05,C+,54 676.701,-,58 610.795,3s4f,3F°,3,3s6g,3G,3,,https://physics.nist.gov/cgi-bin/ASBib1/get_ASBib_ref.cgi?db=tp&amp;db_id=6298&amp;comment_code=c72&amp;element=Mg&amp;spectr_charge=1&amp;ref=6298&amp;type=,
2 541.847,2 541.851,25,1.44e+06,B+,54 676.654,-,58 610.795,3s4f,3F°,2,3s6g,3G,3,,https://physics.nist.gov/cgi-bin/ASBib1/get_ASBib_ref.cgi?db=tp&amp;db_id=6298&amp;comment_code=c72&amp;element=Mg&amp;spectr_charge=1&amp;ref=6298&amp;type=,https://physics.nist.gov/cgi-bin/ASBib1/get_ASBib_ref.cgi?db=el&amp;db_id=6692&amp;comment_code=&amp;element=Mg&amp;spectr_charge=1&amp;ref=6692&amp;type=
2 541.872,2 541.881,25,1.46e+06,B+,54 676.701,-,58 610.795,3s4f,3F°,3,3s6g,3G,4,,https://physics.nist.gov/cgi-bin/ASBib1/get_ASBib_ref.cgi?db=tp&amp;db_id=6298&amp;comment_code=c72&amp;element=Mg&amp;spectr_charge=1&amp;ref=6298&amp;type=,https://physics.nist.gov/cgi-bin/ASBib1/get_ASBib_ref.cgi?db=el&amp;db_id=6692&amp;comment_code=&amp;element=Mg&amp;spectr_charge=1&amp;ref=6692&amp;type=
,2 541.9,,9.78e+04,C+,54 676.755,-,58 610.795,3s4f,3F°,4,3s6g,3G,4,,https://physics.nist.gov/cgi-bin/ASBib1/get_ASBib_ref.cgi?db=tp&amp;db_id=6298&amp;comment_code=c72&amp;element=Mg&amp;spectr_charge=1&amp;ref=6298&amp;type=,
,2 541.9,,1.91e+03,D,54 676.755,-,58 610.795,3s4f,3F°,4,3s6g,3G,3,,https://physics.nist.gov/cgi-bin/ASBib1/get_ASBib_ref.cgi?db=tp&amp;db_id=6298&amp;comment_code=c72&amp;element=Mg&amp;spectr_charge=1&amp;ref=6298&amp;type=,
2 541.908,2 541.916,35,1.56e+06,B+,54 676.755,-,58 610.795,3s4f,3F°,4,3s6g,3G,5,,https://physics.nist.gov/cgi-bin/ASBib1/get_ASBib_ref.cgi?db=tp&amp;db_id=6298&amp;comment_code=c72&amp;element=Mg&amp;spectr_charge=1&amp;ref=6298&amp;type=,https://physics.nist.gov/cgi-bin/ASBib1/get_ASBib_ref.cgi?db=el&amp;db_id=6692&amp;comment_code=&amp;element=Mg&amp;spectr_charge=1&amp;ref=6692&amp;type=
2 640.001,2 639.976,8300,5.36e+06,A,49 346.729,-,53 134.642,3s4p,1P°,1,3s4d,1D,2,,https://physics.nist.gov/cgi-bin/ASBib1/get_ASBib_ref.cgi?db=tp&amp;db_id=5539&amp;comment_code=&amp;element=Mg&amp;spectr_charge=1&amp;ref=5539&amp;type=,https://physics.nist.gov/cgi-bin/ASBib1/get_ASBib_ref.cgi?db=el&amp;db_id=6692&amp;comment_code=&amp;element=Mg&amp;spectr_charge=1&amp;ref=6692&amp;type=
,2 655.182,,5.69e+04,C,54 676.654,-,58 442.874,3s4f,3F°,2,3s6d,3D,1,,https://physics.nist.gov/cgi-bin/ASBib1/get_ASBib_ref.cgi?db=tp&amp;db_id=6298&amp;comment_code=c72&amp;element=Mg&amp;spectr_charge=1&amp;ref=6298&amp;type=,
,2 655.197,,6.35e+03,D+,54 676.654,-,58 442.853,3s4f,3F°,2,3s6d,3D,2,,https://physics.nist.gov/cgi-bin/ASBib1/get_ASBib_ref.cgi?db=tp&amp;db_id=6298&amp;comment_code=c72&amp;element=Mg&amp;spectr_charge=1&amp;ref=6298&amp;type=,
,2 655.204,,1.28e+02,E,54 676.654,-,58 442.843,3s4f,3F°,2,3s6d,3D,3,,https://physics.nist.gov/cgi-bin/ASBib1/get_ASBib_ref.cgi?db=tp&amp;db_id=6298&amp;comment_code=c72&amp;element=Mg&amp;spectr_charge=1&amp;ref=6298&amp;type=,
,2 655.230,,5.06e+04,C,54 676.701,-,58 442.853,3s4f,3F°,3,3s6d,3D,2,,https://physics.nist.gov/cgi-bin/ASBib1/get_ASBib_ref.cgi?db=tp&amp;db_id=6298&amp;comment_code=c72&amp;element=Mg&amp;spectr_charge=1&amp;ref=6298&amp;type=,
,2 655.237,,4.53e+03,D+,54 676.701,-,58 442.843,3s4f,3F°,3,3s6d,3D,3,,https://physics.nist.gov/cgi-bin/ASBib1/get_ASBib_ref.cgi?db=tp&amp;db_id=6298&amp;comment_code=c72&amp;element=Mg&amp;spectr_charge=1&amp;ref=6298&amp;type=,
2 655.284,2 655.275,1,5.23e+04,C+,54 676.755,-,58 442.843,3s4f,3F°,4,3s6d,3D,3,,https://physics.nist.gov/cgi-bin/ASBib1/get_ASBib_ref.cgi?db=tp&amp;db_id=6298&amp;comment_code=c72&amp;element=Mg&amp;spectr_charge=1&amp;ref=6298&amp;type=,https://physics.nist.gov/cgi-bin/ASBib1/get_ASBib_ref.cgi?db=el&amp;db_id=6692&amp;comment_code=&amp;element=Mg&amp;spectr_charge=1&amp;ref=6692&amp;type=
,2 756.2,,5.80e+04,D+,56 308.381,-,59 936.63,3s5d,1D,2,3s9p,1P°,1,,https://physics.nist.gov/cgi-bin/ASBib1/get_ASBib_ref.cgi?db=tp&amp;db_id=6298&amp;comment_code=c72&amp;element=Mg&amp;spectr_charge=1&amp;ref=6298&amp;type=,
,2 757.1,,6.11e+04,D+,56 308.381,-,59 935.370,3s5d,1D,2,3s8f,1F°,3,,https://physics.nist.gov/cgi-bin/ASBib1/get_ASBib_ref.cgi?db=tp&amp;db_id=6298&amp;comment_code=c72&amp;element=Mg&amp;spectr_charge=1&amp;ref=6298&amp;type=,
2 772.85,2 772.844,10,8.39e+04,D+,54 248.809,-,57 855.214,3s5p,3P°,0,3s7s,3S,1,,https://physics.nist.gov/cgi-bin/ASBib1/get_ASBib_ref.cgi?db=tp&amp;db_id=6298&amp;comment_code=c72&amp;element=Mg&amp;spectr_charge=1&amp;ref=6298&amp;type=,https://physics.nist.gov/cgi-bin/ASBib1/get_ASBib_ref.cgi?db=el&amp;db_id=6692&amp;comment_code=&amp;element=Mg&amp;spectr_charge=1&amp;ref=6692&amp;type=
2 773.84,2 773.827,25,2.51e+05,C,54 250.086,-,57 855.214,3s5p,3P°,1,3s7s,3S,1,,https://physics.nist.gov/cgi-bin/ASBib1/get_ASBib_ref.cgi?db=tp&amp;db_id=6298&amp;comment_code=c72&amp;element=Mg&amp;spectr_charge=1&amp;ref=6298&amp;type=,https://physics.nist.gov/cgi-bin/ASBib1/get_ASBib_ref.cgi?db=el&amp;db_id=6692&amp;comment_code=&amp;element=Mg&amp;spectr_charge=1&amp;ref=6692&amp;type=
2 775.876,2 775.859,40,4.17e+05,C,54 252.726,-,57 855.214,3s5p,3P°,2,3s7s,3S,1,,https://physics.nist.gov/cgi-bin/ASBib1/get_ASBib_ref.cgi?db=tp&amp;db_id=6298&amp;comment_code=c72&amp;element=Mg&amp;spectr_charge=1&amp;ref=6298&amp;type=,https://physics.nist.gov/cgi-bin/ASBib1/get_ASBib_ref.cgi?db=el&amp;db_id=6692&amp;comment_code=&amp;element=Mg&amp;spectr_charge=1&amp;ref=6692&amp;type=
,2 782.091,,1.72e+04,D,56 968.218,-,60 562.637,3s5d,3D,3,3s10f,3F°,3,,https://physics.nist.gov/cgi-bin/ASBib1/get_ASBib_ref.cgi?db=tp&amp;db_id=6298&amp;comment_code=c72&amp;element=Mg&amp;spectr_charge=1&amp;ref=6298&amp;type=,
,2 782.091,,6.80e+02,E,56 968.218,-,60 562.637,3s5d,3D,3,3s10f,3F°,2,,https://physics.nist.gov/cgi-bin/ASBib1/get_ASBib_ref.cgi?db=tp&amp;db_id=6298&amp;comment_code=c72&amp;element=Mg&amp;spectr_charge=1&amp;ref=6298&amp;type=,
,2 782.091,,1.55e+05,C,56 968.218,-,60 562.637,3s5d,3D,3,3s10f,3F°,4,,https://physics.nist.gov/cgi-bin/ASBib1/get_ASBib_ref.cgi?db=tp&amp;db_id=6298&amp;comment_code=c72&amp;element=Mg&amp;spectr_charge=1&amp;ref=6298&amp;type=,
,2 782.1,,1.30e+05,C,56 968.271,-,60 562.637,3s5d,3D,1,3s10f,3F°,2,,https://physics.nist.gov/cgi-bin/ASBib1/get_ASBib_ref.cgi?db=tp&amp;db_id=6298&amp;comment_code=c72&amp;element=Mg&amp;spectr_charge=1&amp;ref=6298&amp;type=,
,2 782.1,,2.41e+04,D,56 968.248,-,60 562.637,3s5d,3D,2,3s10f,3F°,2,,https://physics.nist.gov/cgi-bin/ASBib1/get_ASBib_ref.cgi?db=tp&amp;db_id=6298&amp;comment_code=c72&amp;element=Mg&amp;spectr_charge=1&amp;ref=6298&amp;type=,
,2 782.1,,1.37e+05,C,56 968.248,-,60 562.637,3s5d,3D,2,3s10f,3F°,3,,https://physics.nist.gov/cgi-bin/ASBib1/get_ASBib_ref.cgi?db=tp&amp;db_id=6298&amp;comment_code=c72&amp;element=Mg&amp;spectr_charge=1&amp;ref=6298&amp;type=,
,2 842.3,,6.25e+04,D+,57 017.078,-,60 535.34,3s6p,3P°,0,3s10d,3D,1,,https://physics.nist.gov/cgi-bin/ASBib1/get_ASBib_ref.cgi?db=tp&amp;db_id=6298&amp;comment_code=c72&amp;element=Mg&amp;spectr_charge=1&amp;ref=6298&amp;type=,
,2 842.8,,4.69e+04,D,57 017.724,-,60 535.34,3s6p,3P°,1,3s10d,3D,1,,https://physics.nist.gov/cgi-bin/ASBib1/get_ASBib_ref.cgi?db=tp&amp;db_id=6298&amp;comment_code=c72&amp;element=Mg&amp;spectr_charge=1&amp;ref=6298&amp;type=,
,2 842.8,,8.42e+04,C,57 017.724,-,60 535.34,3s6p,3P°,1,3s10d,3D,2,,https://physics.nist.gov/cgi-bin/ASBib1/get_ASBib_ref.cgi?db=tp&amp;db_id=6298&amp;comment_code=c72&amp;element=Mg&amp;spectr_charge=1&amp;ref=6298&amp;type=,
,2 843.9,,2.81e+04,D,57 019.025,-,60 535.34,3s6p,3P°,2,3s10d,3D,2,,https://physics.nist.gov/cgi-bin/ASBib1/get_ASBib_ref.cgi?db=tp&amp;db_id=6298&amp;comment_code=c72&amp;element=Mg&amp;spectr_charge=1&amp;ref=6298&amp;type=,
,2 843.9,,1.13e+05,C,57 019.025,-,60 535.34,3s6p,3P°,2,3s10d,3D,3,,https://physics.nist.gov/cgi-bin/ASBib1/get_ASBib_ref.cgi?db=tp&amp;db_id=6298&amp;comment_code=c72&amp;element=Mg&amp;spectr_charge=1&amp;ref=6298&amp;type=,
,2 843.9,,3.12e+03,E,57 019.025,-,60 535.34,3s6p,3P°,2,3s10d,3D,1,,https://physics.nist.gov/cgi-bin/ASBib1/get_ASBib_ref.cgi?db=tp&amp;db_id=6298&amp;comment_code=c72&amp;element=Mg&amp;spectr_charge=1&amp;ref=6298&amp;type=,
,2 898.0,,5.48e+04,D,55 891.80,-,59 342.51,3s6s,3S,1,3s8p,3P°,0,,https://physics.nist.gov/cgi-bin/ASBib1/get_ASBib_ref.cgi?db=tp&amp;db_id=6298&amp;comment_code=c72&amp;element=Mg&amp;spectr_charge=1&amp;ref=6298&amp;type=,
,2 898.0,,5.48e+04,D+,55 891.80,-,59 342.51,3s6s,3S,1,3s8p,3P°,2,,https://physics.nist.gov/cgi-bin/ASBib1/get_ASBib_ref.cgi?db=tp&amp;db_id=6298&amp;comment_code=c72&amp;element=Mg&amp;spectr_charge=1&amp;ref=6298&amp;type=,
,2 898.0,,5.47e+04,D+,55 891.80,-,59 342.51,3s6s,3S,1,3s8p,3P°,1,,https://physics.nist.gov/cgi-bin/ASBib1/get_ASBib_ref.cgi?db=tp&amp;db_id=6298&amp;comment_code=c72&amp;element=Mg&amp;spectr_charge=1&amp;ref=6298&amp;type=,
,2 937.9,,8.63e+03,D+,57 017.078,-,60 420.87,3s6p,3P°,0,3s11s,3S,1,,https://physics.nist.gov/cgi-bin/ASBib1/get_ASBib_ref.cgi?db=tp&amp;db_id=6298&amp;comment_code=c72&amp;element=Mg&amp;spectr_charge=1&amp;ref=6298&amp;type=,
,2 938.5,,2.59e+04,C,57 017.724,-,60 420.87,3s6p,3P°,1,3s11s,3S,1,,https://physics.nist.gov/cgi-bin/ASBib1/get_ASBib_ref.cgi?db=tp&amp;db_id=6298&amp;comment_code=c72&amp;element=Mg&amp;spectr_charge=1&amp;ref=6298&amp;type=,
,2 939.6,,4.31e+04,C,57 019.025,-,60 420.87,3s6p,3P°,2,3s11s,3S,1,,https://physics.nist.gov/cgi-bin/ASBib1/get_ASBib_ref.cgi?db=tp&amp;db_id=6298&amp;comment_code=c72&amp;element=Mg&amp;spectr_charge=1&amp;ref=6298&amp;type=,
2 987.927,2 987.922,20,1.15e+05,C+,54 676.438,-,58 023.246,3s4f,1F°,3,3s6d,1D,2,,https://physics.nist.gov/cgi-bin/ASBib1/get_ASBib_ref.cgi?db=tp&amp;db_id=6298&amp;comment_code=c72&amp;element=Mg&amp;spectr_charge=1&amp;ref=6298&amp;type=,https://physics.nist.gov/cgi-bin/ASBib1/get_ASBib_ref.cgi?db=el&amp;db_id=6692&amp;comment_code=&amp;element=Mg&amp;spectr_charge=1&amp;ref=6692&amp;type=
,3 000.2,,9.32e+02,E,56 968.218,-,60 301.283,3s5d,3D,3,3s9f,3F°,2,,https://physics.nist.gov/cgi-bin/ASBib1/get_ASBib_ref.cgi?db=tp&amp;db_id=6298&amp;comment_code=c72&amp;element=Mg&amp;spectr_charge=1&amp;ref=6298&amp;type=,
,3 000.3,,1.88e+05,C,56 968.248,-,60 301.283,3s5d,3D,2,3s9f,3F°,3,,https://physics.nist.gov/cgi-bin/ASBib1/get_ASBib_ref.cgi?db=tp&amp;db_id=6298&amp;comment_code=c72&amp;element=Mg&amp;spectr_charge=1&amp;ref=6298&amp;type=,
,3 000.2,,2.36e+04,D+,56 968.218,-,60 301.283,3s5d,3D,3,3s9f,3F°,3,,https://physics.nist.gov/cgi-bin/ASBib1/get_ASBib_ref.cgi?db=tp&amp;db_id=6298&amp;comment_code=c72&amp;element=Mg&amp;spectr_charge=1&amp;ref=6298&amp;type=,
,3 000.2,,2.12e+05,C+,56 968.218,-,60 301.283,3s5d,3D,3,3s9f,3F°,4,,https://physics.nist.gov/cgi-bin/ASBib1/get_ASBib_ref.cgi?db=tp&amp;db_id=6298&amp;comment_code=c72&amp;element=Mg&amp;spectr_charge=1&amp;ref=6298&amp;type=,
,3 000.3,,3.30e+04,D+,56 968.248,-,60 301.283,3s5d,3D,2,3s9f,3F°,2,,https://physics.nist.gov/cgi-bin/ASBib1/get_ASBib_ref.cgi?db=tp&amp;db_id=6298&amp;comment_code=c72&amp;element=Mg&amp;spectr_charge=1&amp;ref=6298&amp;type=,
,3 000.3,,1.78e+05,C,56 968.271,-,60 301.283,3s5d,3D,1,3s9f,3F°,2,,https://physics.nist.gov/cgi-bin/ASBib1/get_ASBib_ref.cgi?db=tp&amp;db_id=6298&amp;comment_code=c72&amp;element=Mg&amp;spectr_charge=1&amp;ref=6298&amp;type=,
,3 002.00,,1.41e+03,E,57 204.228,-,60 535.34,3s5f,3F°,2,3s10d,3D,2,,https://physics.nist.gov/cgi-bin/ASBib1/get_ASBib_ref.cgi?db=tp&amp;db_id=6298&amp;comment_code=c72&amp;element=Mg&amp;spectr_charge=1&amp;ref=6298&amp;type=,
,3 002.07,,1.16e+04,D,57 204.305,-,60 535.34,3s5f,3F°,4,3s10d,3D,3,,https://physics.nist.gov/cgi-bin/ASBib1/get_ASBib_ref.cgi?db=tp&amp;db_id=6298&amp;comment_code=c72&amp;element=Mg&amp;spectr_charge=1&amp;ref=6298&amp;type=,
,3 002.04,,1.13e+04,D,57 204.267,-,60 535.34,3s5f,3F°,3,3s10d,3D,2,,https://physics.nist.gov/cgi-bin/ASBib1/get_ASBib_ref.cgi?db=tp&amp;db_id=6298&amp;comment_code=c72&amp;element=Mg&amp;spectr_charge=1&amp;ref=6298&amp;type=,
,3 002.04,,1.01e+03,E,57 204.267,-,60 535.34,3s5f,3F°,3,3s10d,3D,3,,https://physics.nist.gov/cgi-bin/ASBib1/get_ASBib_ref.cgi?db=tp&amp;db_id=6298&amp;comment_code=c72&amp;element=Mg&amp;spectr_charge=1&amp;ref=6298&amp;type=,
,3 002.00,,2.85e+01,E,57 204.228,-,60 535.34,3s5f,3F°,2,3s10d,3D,3,,https://physics.nist.gov/cgi-bin/ASBib1/get_ASBib_ref.cgi?db=tp&amp;db_id=6298&amp;comment_code=c72&amp;element=Mg&amp;spectr_charge=1&amp;ref=6298&amp;type=,
,3 002.00,,1.27e+04,E,57 204.228,-,60 535.34,3s5f,3F°,2,3s10d,3D,1,,https://physics.nist.gov/cgi-bin/ASBib1/get_ASBib_ref.cgi?db=tp&amp;db_id=6298&amp;comment_code=c72&amp;element=Mg&amp;spectr_charge=1&amp;ref=6298&amp;type=,
3 015.05,3 015.036,12,7.04e+04,B+,54 706.536,-,58 023.246,3s5p,1P°,1,3s6d,1D,2,,https://physics.nist.gov/cgi-bin/ASBib1/get_ASBib_ref.cgi?db=tp&amp;db_id=5539&amp;comment_code=&amp;element=Mg&amp;spectr_charge=1&amp;ref=5539&amp;type=,https://physics.nist.gov/cgi-bin/ASBib1/get_ASBib_ref.cgi?db=el&amp;db_id=6692&amp;comment_code=&amp;element=Mg&amp;spectr_charge=1&amp;ref=6692&amp;type=
3 027.719,3 027.67,20,6.77e+05,B,54 706.536,-,58 009.41,3s5p,1P°,1,3s7s,1S,0,,https://physics.nist.gov/cgi-bin/ASBib1/get_ASBib_ref.cgi?db=tp&amp;db_id=5539&amp;comment_code=&amp;element=Mg&amp;spectr_charge=1&amp;ref=5539&amp;type=,https://physics.nist.gov/cgi-bin/ASBib1/get_ASBib_ref.cgi?db=el&amp;db_id=6692&amp;comment_code=&amp;element=Mg&amp;spectr_charge=1&amp;ref=6692&amp;type=
,3 080.2,,8.69e+04,D+,57 017.078,-,60 263.583,3s6p,3P°,0,3s9d,3D,1,,https://physics.nist.gov/cgi-bin/ASBib1/get_ASBib_ref.cgi?db=tp&amp;db_id=6298&amp;comment_code=c72&amp;element=Mg&amp;spectr_charge=1&amp;ref=6298&amp;type=,
,3 080.8,,6.52e+04,D+,57 017.724,-,60 263.583,3s6p,3P°,1,3s9d,3D,1,,https://physics.nist.gov/cgi-bin/ASBib1/get_ASBib_ref.cgi?db=tp&amp;db_id=6298&amp;comment_code=c72&amp;element=Mg&amp;spectr_charge=1&amp;ref=6298&amp;type=,
,3 080.8,,1.17e+05,C,57 017.724,-,60 263.583,3s6p,3P°,1,3s9d,3D,2,,https://physics.nist.gov/cgi-bin/ASBib1/get_ASBib_ref.cgi?db=tp&amp;db_id=6298&amp;comment_code=c72&amp;element=Mg&amp;spectr_charge=1&amp;ref=6298&amp;type=,
,3 082.084,,3.91e+04,D+,57 019.025,-,60 263.583,3s6p,3P°,2,3s9d,3D,2,,https://physics.nist.gov/cgi-bin/ASBib1/get_ASBib_ref.cgi?db=tp&amp;db_id=6298&amp;comment_code=c72&amp;element=Mg&amp;spectr_charge=1&amp;ref=6298&amp;type=,
,3 082.084,,1.56e+05,C,57 019.025,-,60 263.583,3s6p,3P°,2,3s9d,3D,3,,https://physics.nist.gov/cgi-bin/ASBib1/get_ASBib_ref.cgi?db=tp&amp;db_id=6298&amp;comment_code=c72&amp;element=Mg&amp;spectr_charge=1&amp;ref=6298&amp;type=,
,3 082.084,,4.34e+03,E,57 019.025,-,60 263.583,3s6p,3P°,2,3s9d,3D,1,,https://physics.nist.gov/cgi-bin/ASBib1/get_ASBib_ref.cgi?db=tp&amp;db_id=6298&amp;comment_code=c72&amp;element=Mg&amp;spectr_charge=1&amp;ref=6298&amp;type=,
,3 095.078,,1.73e+04,D,57 204.163,-,60 435.099,3s5f,1F°,3,3s10d,1D,2,,https://physics.nist.gov/cgi-bin/ASBib1/get_ASBib_ref.cgi?db=tp&amp;db_id=6298&amp;comment_code=c72&amp;element=Mg&amp;spectr_charge=1&amp;ref=6298&amp;type=,
,3 109.2,,3.70e+04,D,56 186.873,-,59 403.18,3s6s,1S,0,3s8p,1P°,1,,https://physics.nist.gov/cgi-bin/ASBib1/get_ASBib_ref.cgi?db=tp&amp;db_id=6298&amp;comment_code=c72&amp;element=Mg&amp;spectr_charge=1&amp;ref=6298&amp;type=,
3 115.802,3 115.772,90,6.10e+06,A,49 346.729,-,52 556.206,3s4p,1P°,1,3s5s,1S,0,,https://physics.nist.gov/cgi-bin/ASBib1/get_ASBib_ref.cgi?db=tp&amp;db_id=5539&amp;comment_code=&amp;element=Mg&amp;spectr_charge=1&amp;ref=5539&amp;type=,https://physics.nist.gov/cgi-bin/ASBib1/get_ASBib_ref.cgi?db=el&amp;db_id=6692&amp;comment_code=&amp;element=Mg&amp;spectr_charge=1&amp;ref=6692&amp;type=
,3 231.2,,8.99e+04,D+,56 308.381,-,59 403.18,3s5d,1D,2,3s8p,1P°,1,,https://physics.nist.gov/cgi-bin/ASBib1/get_ASBib_ref.cgi?db=tp&amp;db_id=6298&amp;comment_code=c72&amp;element=Mg&amp;spectr_charge=1&amp;ref=6298&amp;type=,
,3 233.8,,5.56e+04,C,56 308.381,-,59 400.763,3s5d,1D,2,3s7f,1F°,3,,https://physics.nist.gov/cgi-bin/ASBib1/get_ASBib_ref.cgi?db=tp&amp;db_id=6298&amp;comment_code=c72&amp;element=Mg&amp;spectr_charge=1&amp;ref=6298&amp;type=,
,3 239.5,,1.24e+04,D,57 017.078,-,60 104.00,3s6p,3P°,0,3s10s,3S,1,,https://physics.nist.gov/cgi-bin/ASBib1/get_ASBib_ref.cgi?db=tp&amp;db_id=6298&amp;comment_code=c72&amp;element=Mg&amp;spectr_charge=1&amp;ref=6298&amp;type=,
,3 240.2,,3.72e+04,D+,57 017.724,-,60 104.00,3s6p,3P°,1,3s10s,3S,1,,https://physics.nist.gov/cgi-bin/ASBib1/get_ASBib_ref.cgi?db=tp&amp;db_id=6298&amp;comment_code=c72&amp;element=Mg&amp;spectr_charge=1&amp;ref=6298&amp;type=,
,3 241.5,,6.20e+04,D+,57 019.025,-,60 104.00,3s6p,3P°,2,3s10s,3S,1,,https://physics.nist.gov/cgi-bin/ASBib1/get_ASBib_ref.cgi?db=tp&amp;db_id=6298&amp;comment_code=c72&amp;element=Mg&amp;spectr_charge=1&amp;ref=6298&amp;type=,
,3 268.7,,2.06e+03,E,57 204.228,-,60 263.583,3s5f,3F°,2,3s9d,3D,2,,https://physics.nist.gov/cgi-bin/ASBib1/get_ASBib_ref.cgi?db=tp&amp;db_id=6298&amp;comment_code=c72&amp;element=Mg&amp;spectr_charge=1&amp;ref=6298&amp;type=,
,3 268.7,,1.85e+04,D,57 204.228,-,60 263.583,3s5f,3F°,2,3s9d,3D,1,,https://physics.nist.gov/cgi-bin/ASBib1/get_ASBib_ref.cgi?db=tp&amp;db_id=6298&amp;comment_code=c72&amp;element=Mg&amp;spectr_charge=1&amp;ref=6298&amp;type=,
,3 268.7,,4.15e+01,E,57 204.228,-,60 263.583,3s5f,3F°,2,3s9d,3D,3,,https://physics.nist.gov/cgi-bin/ASBib1/get_ASBib_ref.cgi?db=tp&amp;db_id=6298&amp;comment_code=c72&amp;element=Mg&amp;spectr_charge=1&amp;ref=6298&amp;type=,
,3 268.7,,1.64e+04,D,57 204.267,-,60 263.583,3s5f,3F°,3,3s9d,3D,2,,https://physics.nist.gov/cgi-bin/ASBib1/get_ASBib_ref.cgi?db=tp&amp;db_id=6298&amp;comment_code=c72&amp;element=Mg&amp;spectr_charge=1&amp;ref=6298&amp;type=,
,3 268.7,,1.70e+04,D+,57 204.305,-,60 263.583,3s5f,3F°,4,3s9d,3D,3,,https://physics.nist.gov/cgi-bin/ASBib1/get_ASBib_ref.cgi?db=tp&amp;db_id=6298&amp;comment_code=c72&amp;element=Mg&amp;spectr_charge=1&amp;ref=6298&amp;type=,
,3 268.7,,1.47e+03,E,57 204.267,-,60 263.583,3s5f,3F°,3,3s9d,3D,3,,https://physics.nist.gov/cgi-bin/ASBib1/get_ASBib_ref.cgi?db=tp&amp;db_id=6298&amp;comment_code=c72&amp;element=Mg&amp;spectr_charge=1&amp;ref=6298&amp;type=,
3 319.999,3 319.999,17,2.59e+06,B+,54 192.256,-,57 204.305,3s4d,3D,3,3s5f,3F°,4,,https://physics.nist.gov/cgi-bin/ASBib1/get_ASBib_ref.cgi?db=tp&amp;db_id=6298&amp;comment_code=c72&amp;element=Mg&amp;spectr_charge=1&amp;ref=6298&amp;type=,https://physics.nist.gov/cgi-bin/ASBib1/get_ASBib_ref.cgi?db=el&amp;db_id=6692&amp;comment_code=&amp;element=Mg&amp;spectr_charge=1&amp;ref=6692&amp;type=
,3 320.084,,1.14e+04,C,54 192.256,-,57 204.228,3s4d,3D,3,3s5f,3F°,2,,https://physics.nist.gov/cgi-bin/ASBib1/get_ASBib_ref.cgi?db=tp&amp;db_id=6298&amp;comment_code=c72&amp;element=Mg&amp;spectr_charge=1&amp;ref=6298&amp;type=,
,3 320.041,,2.89e+05,B,54 192.256,-,57 204.267,3s4d,3D,3,3s5f,3F°,3,,https://physics.nist.gov/cgi-bin/ASBib1/get_ASBib_ref.cgi?db=tp&amp;db_id=6298&amp;comment_code=c72&amp;element=Mg&amp;spectr_charge=1&amp;ref=6298&amp;type=,
3 320.083,3 320.083,11,2.30e+06,B+,54 192.294,-,57 204.267,3s4d,3D,2,3s5f,3F°,3,,https://physics.nist.gov/cgi-bin/ASBib1/get_ASBib_ref.cgi?db=tp&amp;db_id=6298&amp;comment_code=c72&amp;element=Mg&amp;spectr_charge=1&amp;ref=6298&amp;type=,https://physics.nist.gov/cgi-bin/ASBib1/get_ASBib_ref.cgi?db=el&amp;db_id=6692&amp;comment_code=&amp;element=Mg&amp;spectr_charge=1&amp;ref=6692&amp;type=
,3 320.1,,4.04e+05,B,54 192.294,-,57 204.228,3s4d,3D,2,3s5f,3F°,2,,https://physics.nist.gov/cgi-bin/ASBib1/get_ASBib_ref.cgi?db=tp&amp;db_id=6298&amp;comment_code=c72&amp;element=Mg&amp;spectr_charge=1&amp;ref=6298&amp;type=,
3 320.171,3 320.171,8,2.17e+06,B+,54 192.335,-,57 204.228,3s4d,3D,1,3s5f,3F°,2,,https://physics.nist.gov/cgi-bin/ASBib1/get_ASBib_ref.cgi?db=tp&amp;db_id=6298&amp;comment_code=c72&amp;element=Mg&amp;spectr_charge=1&amp;ref=6298&amp;type=,https://physics.nist.gov/cgi-bin/ASBib1/get_ASBib_ref.cgi?db=el&amp;db_id=6692&amp;comment_code=&amp;element=Mg&amp;spectr_charge=1&amp;ref=6692&amp;type=
3 320.211,3 320.198,2,,,54 192.294,-,57 204.163,3s4d,3D,2,3s5f,1F°,3,,,https://physics.nist.gov/cgi-bin/ASBib1/get_ASBib_ref.cgi?db=el&amp;db_id=6692&amp;comment_code=&amp;element=Mg&amp;spectr_charge=1&amp;ref=6692&amp;type=
,3 370.2,,1.32e+03,E,56 968.218,-,59 935.370,3s5d,3D,3,3s8f,3F°,2,,https://physics.nist.gov/cgi-bin/ASBib1/get_ASBib_ref.cgi?db=tp&amp;db_id=6298&amp;comment_code=c72&amp;element=Mg&amp;spectr_charge=1&amp;ref=6298&amp;type=,
,3 370.3,,2.52e+05,C+,56 968.271,-,59 935.370,3s5d,3D,1,3s8f,3F°,2,,https://physics.nist.gov/cgi-bin/ASBib1/get_ASBib_ref.cgi?db=tp&amp;db_id=6298&amp;comment_code=c72&amp;element=Mg&amp;spectr_charge=1&amp;ref=6298&amp;type=,
,3 370.3,,4.67e+04,D+,56 968.248,-,59 935.370,3s5d,3D,2,3s8f,3F°,2,,https://physics.nist.gov/cgi-bin/ASBib1/get_ASBib_ref.cgi?db=tp&amp;db_id=6298&amp;comment_code=c72&amp;element=Mg&amp;spectr_charge=1&amp;ref=6298&amp;type=,
,3 370.3,,2.66e+05,C+,56 968.248,-,59 935.370,3s5d,3D,2,3s8f,3F°,3,,https://physics.nist.gov/cgi-bin/ASBib1/get_ASBib_ref.cgi?db=tp&amp;db_id=6298&amp;comment_code=c72&amp;element=Mg&amp;spectr_charge=1&amp;ref=6298&amp;type=,
,3 370.2,,3.34e+04,D+,56 968.218,-,59 935.370,3s5d,3D,3,3s8f,3F°,3,,https://physics.nist.gov/cgi-bin/ASBib1/get_ASBib_ref.cgi?db=tp&amp;db_id=6298&amp;comment_code=c72&amp;element=Mg&amp;spectr_charge=1&amp;ref=6298&amp;type=,
,3 370.2,,3.00e+05,C+,56 968.218,-,59 935.370,3s5d,3D,3,3s8f,3F°,4,,https://physics.nist.gov/cgi-bin/ASBib1/get_ASBib_ref.cgi?db=tp&amp;db_id=6298&amp;comment_code=c72&amp;element=Mg&amp;spectr_charge=1&amp;ref=6298&amp;type=,
3 397.084,3 397.127,275,1.41e+06,A,46 403.065,-,49 346.729,3s3d,1D,2,3s4p,1P°,1,,https://physics.nist.gov/cgi-bin/ASBib1/get_ASBib_ref.cgi?db=tp&amp;db_id=&amp;comment_code=c45&amp;element=Mg&amp;spectr_charge=1&amp;ref=&amp;type=,https://physics.nist.gov/cgi-bin/ASBib1/get_ASBib_ref.cgi?db=el&amp;db_id=6692&amp;comment_code=&amp;element=Mg&amp;spectr_charge=1&amp;ref=6692&amp;type=
,3 397.1,,3.58e-08,B+,46 403.065,-,49 346.729,3s3d,1D,2,3s4p,1P°,1,M2,https://physics.nist.gov/cgi-bin/ASBib1/get_ASBib_ref.cgi?db=tp&amp;db_id=&amp;comment_code=c43&amp;element=Mg&amp;spectr_charge=1&amp;ref=&amp;type=M2,
,3 413.4,,2.35e+04,D+,56 968.218,-,59 897.86,3s5d,3D,3,3s9p,3P°,2,,https://physics.nist.gov/cgi-bin/ASBib1/get_ASBib_ref.cgi?db=tp&amp;db_id=6298&amp;comment_code=c72&amp;element=Mg&amp;spectr_charge=1&amp;ref=6298&amp;type=,
,3 413.4,,4.19e+03,E,56 968.248,-,59 897.86,3s5d,3D,2,3s9p,3P°,2,,https://physics.nist.gov/cgi-bin/ASBib1/get_ASBib_ref.cgi?db=tp&amp;db_id=6298&amp;comment_code=c72&amp;element=Mg&amp;spectr_charge=1&amp;ref=6298&amp;type=,
,3 413.4,,2.09e+04,D,56 968.248,-,59 897.86,3s5d,3D,2,3s9p,3P°,1,,https://physics.nist.gov/cgi-bin/ASBib1/get_ASBib_ref.cgi?db=tp&amp;db_id=6298&amp;comment_code=c72&amp;element=Mg&amp;spectr_charge=1&amp;ref=6298&amp;type=,
,3 413.4,,2.79e+02,E,56 968.271,-,59 897.86,3s5d,3D,1,3s9p,3P°,2,,https://physics.nist.gov/cgi-bin/ASBib1/get_ASBib_ref.cgi?db=tp&amp;db_id=6298&amp;comment_code=c72&amp;element=Mg&amp;spectr_charge=1&amp;ref=6298&amp;type=,
,3 413.4,,2.80e+04,D,56 968.271,-,59 897.86,3s5d,3D,1,3s9p,3P°,0,,https://physics.nist.gov/cgi-bin/ASBib1/get_ASBib_ref.cgi?db=tp&amp;db_id=6298&amp;comment_code=c72&amp;element=Mg&amp;spectr_charge=1&amp;ref=6298&amp;type=,
,3 413.4,,6.98e+03,E,56 968.271,-,59 897.86,3s5d,3D,1,3s9p,3P°,1,,https://physics.nist.gov/cgi-bin/ASBib1/get_ASBib_ref.cgi?db=tp&amp;db_id=6298&amp;comment_code=c72&amp;element=Mg&amp;spectr_charge=1&amp;ref=6298&amp;type=,
,3 415.02,,9.66e+04,D+,57 214.992,-,60 143.23,3s6p,1P°,1,3s10s,1S,0,,https://physics.nist.gov/cgi-bin/ASBib1/get_ASBib_ref.cgi?db=tp&amp;db_id=6298&amp;comment_code=c72&amp;element=Mg&amp;spectr_charge=1&amp;ref=6298&amp;type=,
,3 421.054,,2.57e+04,D+,57 204.163,-,60 127.239,3s5f,1F°,3,3s9d,1D,2,,https://physics.nist.gov/cgi-bin/ASBib1/get_ASBib_ref.cgi?db=tp&amp;db_id=6298&amp;comment_code=c72&amp;element=Mg&amp;spectr_charge=1&amp;ref=6298&amp;type=,
,3 448.6,,2.46e-02,A,43 503.333,-,46 403.065,3s4s,1S,0,3s3d,1D,2,E2,https://physics.nist.gov/cgi-bin/ASBib1/get_ASBib_ref.cgi?db=tp&amp;db_id=&amp;comment_code=c43&amp;element=Mg&amp;spectr_charge=1&amp;ref=&amp;type=E2,
,3 491.5,,1.26e+05,C,57 017.078,-,59 881.196,3s6p,3P°,0,3s8d,3D,1,,https://physics.nist.gov/cgi-bin/ASBib1/get_ASBib_ref.cgi?db=tp&amp;db_id=6298&amp;comment_code=c72&amp;element=Mg&amp;spectr_charge=1&amp;ref=6298&amp;type=,
,3 492.3,,9.46e+04,C,57 017.724,-,59 881.196,3s6p,3P°,1,3s8d,3D,1,,https://physics.nist.gov/cgi-bin/ASBib1/get_ASBib_ref.cgi?db=tp&amp;db_id=6298&amp;comment_code=c72&amp;element=Mg&amp;spectr_charge=1&amp;ref=6298&amp;type=,
,3 492.3,,1.71e+05,C,57 017.724,-,59 881.181,3s6p,3P°,1,3s8d,3D,2,,https://physics.nist.gov/cgi-bin/ASBib1/get_ASBib_ref.cgi?db=tp&amp;db_id=6298&amp;comment_code=c72&amp;element=Mg&amp;spectr_charge=1&amp;ref=6298&amp;type=,
,3 493.9,,5.68e+04,C,57 019.025,-,59 881.181,3s6p,3P°,2,3s8d,3D,2,,https://physics.nist.gov/cgi-bin/ASBib1/get_ASBib_ref.cgi?db=tp&amp;db_id=6298&amp;comment_code=c72&amp;element=Mg&amp;spectr_charge=1&amp;ref=6298&amp;type=,
,3 493.9,,2.27e+05,C+,57 019.025,-,59 881.168,3s6p,3P°,2,3s8d,3D,3,,https://physics.nist.gov/cgi-bin/ASBib1/get_ASBib_ref.cgi?db=tp&amp;db_id=6298&amp;comment_code=c72&amp;element=Mg&amp;spectr_charge=1&amp;ref=6298&amp;type=,
,3 493.9,,6.31e+03,E,57 019.025,-,59 881.196,3s6p,3P°,2,3s8d,3D,1,,https://physics.nist.gov/cgi-bin/ASBib1/get_ASBib_ref.cgi?db=tp&amp;db_id=6298&amp;comment_code=c72&amp;element=Mg&amp;spectr_charge=1&amp;ref=6298&amp;type=,
3 537.58,3 537.608,40,1.68e+05,B,54 192.256,-,57 019.025,3s4d,3D,3,3s6p,3P°,2,,https://physics.nist.gov/cgi-bin/ASBib1/get_ASBib_ref.cgi?db=tp&amp;db_id=6298&amp;comment_code=c72&amp;element=Mg&amp;spectr_charge=1&amp;ref=6298&amp;type=,https://physics.nist.gov/cgi-bin/ASBib1/get_ASBib_ref.cgi?db=el&amp;db_id=6692&amp;comment_code=&amp;element=Mg&amp;spectr_charge=1&amp;ref=6692&amp;type=
,3 537.7,,3.00e+04,C+,54 192.294,-,57 019.025,3s4d,3D,2,3s6p,3P°,2,,https://physics.nist.gov/cgi-bin/ASBib1/get_ASBib_ref.cgi?db=tp&amp;db_id=6298&amp;comment_code=c72&amp;element=Mg&amp;spectr_charge=1&amp;ref=6298&amp;type=,
,3 537.7,,2.00e+03,D+,54 192.335,-,57 019.025,3s4d,3D,1,3s6p,3P°,2,,https://physics.nist.gov/cgi-bin/ASBib1/get_ASBib_ref.cgi?db=tp&amp;db_id=6298&amp;comment_code=c72&amp;element=Mg&amp;spectr_charge=1&amp;ref=6298&amp;type=,
3 539.23,3 539.284,25,1.50e+05,B,54 192.294,-,57 017.724,3s4d,3D,2,3s6p,3P°,1,,https://physics.nist.gov/cgi-bin/ASBib1/get_ASBib_ref.cgi?db=tp&amp;db_id=6298&amp;comment_code=c72&amp;element=Mg&amp;spectr_charge=1&amp;ref=6298&amp;type=,https://physics.nist.gov/cgi-bin/ASBib1/get_ASBib_ref.cgi?db=el&amp;db_id=6692&amp;comment_code=&amp;element=Mg&amp;spectr_charge=1&amp;ref=6692&amp;type=
,3 539.3,,4.99e+04,C+,54 192.335,-,57 017.724,3s4d,3D,1,3s6p,3P°,1,,https://physics.nist.gov/cgi-bin/ASBib1/get_ASBib_ref.cgi?db=tp&amp;db_id=6298&amp;comment_code=c72&amp;element=Mg&amp;spectr_charge=1&amp;ref=6298&amp;type=,
,3 540.1,,2.00e+05,C+,54 192.335,-,57 017.078,3s4d,3D,1,3s6p,3P°,0,,https://physics.nist.gov/cgi-bin/ASBib1/get_ASBib_ref.cgi?db=tp&amp;db_id=6298&amp;comment_code=c72&amp;element=Mg&amp;spectr_charge=1&amp;ref=6298&amp;type=,
,3 640.7,,3.53e+05,C+,57 204.163,-,59 950.87,3s5f,1F°,3,3s8g,1G,4,,https://physics.nist.gov/cgi-bin/ASBib1/get_ASBib_ref.cgi?db=tp&amp;db_id=6298&amp;comment_code=c72&amp;element=Mg&amp;spectr_charge=1&amp;ref=6298&amp;type=,
,3 640.9,,3.30e+05,C+,57 204.267,-,59 950.87,3s5f,3F°,3,3s8g,3G,4,,https://physics.nist.gov/cgi-bin/ASBib1/get_ASBib_ref.cgi?db=tp&amp;db_id=6298&amp;comment_code=c72&amp;element=Mg&amp;spectr_charge=1&amp;ref=6298&amp;type=,
,3 640.9,,2.20e+04,C,57 204.305,-,59 950.87,3s5f,3F°,4,3s8g,3G,4,,https://physics.nist.gov/cgi-bin/ASBib1/get_ASBib_ref.cgi?db=tp&amp;db_id=6298&amp;comment_code=c72&amp;element=Mg&amp;spectr_charge=1&amp;ref=6298&amp;type=,
,3 640.9,,3.52e+05,B,57 204.305,-,59 950.87,3s5f,3F°,4,3s8g,3G,5,,https://physics.nist.gov/cgi-bin/ASBib1/get_ASBib_ref.cgi?db=tp&amp;db_id=6298&amp;comment_code=c72&amp;element=Mg&amp;spectr_charge=1&amp;ref=6298&amp;type=,
3 677.24,3 677.198,125,1.03e+06,B+,54 248.809,-,56 968.271,3s5p,3P°,0,3s5d,3D,1,,https://physics.nist.gov/cgi-bin/ASBib1/get_ASBib_ref.cgi?db=tp&amp;db_id=6298&amp;comment_code=c72&amp;element=Mg&amp;spectr_charge=1&amp;ref=6298&amp;type=,https://physics.nist.gov/cgi-bin/ASBib1/get_ASBib_ref.cgi?db=el&amp;db_id=6692&amp;comment_code=&amp;element=Mg&amp;spectr_charge=1&amp;ref=6692&amp;type=
,3 678.9,,7.69e+05,B+,54 250.086,-,56 968.271,3s5p,3P°,1,3s5d,3D,1,,https://physics.nist.gov/cgi-bin/ASBib1/get_ASBib_ref.cgi?db=tp&amp;db_id=6298&amp;comment_code=c72&amp;element=Mg&amp;spectr_charge=1&amp;ref=6298&amp;type=,
3 679.015,3 678.957,320,1.39e+06,B+,54 250.086,-,56 968.248,3s5p,3P°,1,3s5d,3D,2,,https://physics.nist.gov/cgi-bin/ASBib1/get_ASBib_ref.cgi?db=tp&amp;db_id=6298&amp;comment_code=c72&amp;element=Mg&amp;spectr_charge=1&amp;ref=6298&amp;type=,https://physics.nist.gov/cgi-bin/ASBib1/get_ASBib_ref.cgi?db=el&amp;db_id=6692&amp;comment_code=&amp;element=Mg&amp;spectr_charge=1&amp;ref=6692&amp;type=
,3 682.5,,4.61e+05,B+,54 252.726,-,56 968.248,3s5p,3P°,2,3s5d,3D,2,,https://physics.nist.gov/cgi-bin/ASBib1/get_ASBib_ref.cgi?db=tp&amp;db_id=6298&amp;comment_code=c72&amp;element=Mg&amp;spectr_charge=1&amp;ref=6298&amp;type=,
,3 682.5,,5.12e+04,C+,54 252.726,-,56 968.271,3s5p,3P°,2,3s5d,3D,1,,https://physics.nist.gov/cgi-bin/ASBib1/get_ASBib_ref.cgi?db=tp&amp;db_id=6298&amp;comment_code=c72&amp;element=Mg&amp;spectr_charge=1&amp;ref=6298&amp;type=,
3 682.634,3 682.574,630,1.84e+06,B+,54 252.726,-,56 968.218,3s5p,3P°,2,3s5d,3D,3,,https://physics.nist.gov/cgi-bin/ASBib1/get_ASBib_ref.cgi?db=tp&amp;db_id=6298&amp;comment_code=c72&amp;element=Mg&amp;spectr_charge=1&amp;ref=6298&amp;type=,https://physics.nist.gov/cgi-bin/ASBib1/get_ASBib_ref.cgi?db=el&amp;db_id=6692&amp;comment_code=&amp;element=Mg&amp;spectr_charge=1&amp;ref=6692&amp;type=
,3 735.6,,2.88e+04,D+,57 204.228,-,59 881.196,3s5f,3F°,2,3s8d,3D,1,,https://physics.nist.gov/cgi-bin/ASBib1/get_ASBib_ref.cgi?db=tp&amp;db_id=6298&amp;comment_code=c72&amp;element=Mg&amp;spectr_charge=1&amp;ref=6298&amp;type=,
,3 735.6,,3.21e+03,E,57 204.228,-,59 881.181,3s5f,3F°,2,3s8d,3D,2,,https://physics.nist.gov/cgi-bin/ASBib1/get_ASBib_ref.cgi?db=tp&amp;db_id=6298&amp;comment_code=c72&amp;element=Mg&amp;spectr_charge=1&amp;ref=6298&amp;type=,
,3 735.6,,6.45e+01,E,57 204.228,-,59 881.168,3s5f,3F°,2,3s8d,3D,3,,https://physics.nist.gov/cgi-bin/ASBib1/get_ASBib_ref.cgi?db=tp&amp;db_id=6298&amp;comment_code=c72&amp;element=Mg&amp;spectr_charge=1&amp;ref=6298&amp;type=,
,3 735.7,,2.29e+03,E,57 204.267,-,59 881.168,3s5f,3F°,3,3s8d,3D,3,,https://physics.nist.gov/cgi-bin/ASBib1/get_ASBib_ref.cgi?db=tp&amp;db_id=6298&amp;comment_code=c72&amp;element=Mg&amp;spectr_charge=1&amp;ref=6298&amp;type=,
,3 735.6,,2.56e+04,D+,57 204.267,-,59 881.181,3s5f,3F°,3,3s8d,3D,2,,https://physics.nist.gov/cgi-bin/ASBib1/get_ASBib_ref.cgi?db=tp&amp;db_id=6298&amp;comment_code=c72&amp;element=Mg&amp;spectr_charge=1&amp;ref=6298&amp;type=,
,3 735.7,,2.65e+04,C,57 204.305,-,59 881.168,3s5f,3F°,4,3s8d,3D,3,,https://physics.nist.gov/cgi-bin/ASBib1/get_ASBib_ref.cgi?db=tp&amp;db_id=6298&amp;comment_code=c72&amp;element=Mg&amp;spectr_charge=1&amp;ref=6298&amp;type=,
,3 741.7,,3.27e+00,E,57 262.760,-,59 935.370,3s5g,3G,3,3s8f,3F°,4,,https://physics.nist.gov/cgi-bin/ASBib1/get_ASBib_ref.cgi?db=tp&amp;db_id=6298&amp;comment_code=c72&amp;element=Mg&amp;spectr_charge=1&amp;ref=6298&amp;type=,
,3 741.7,,4.42e+03,D,57 262.760,-,59 935.370,3s5g,3G,3,3s8f,3F°,2,,https://physics.nist.gov/cgi-bin/ASBib1/get_ASBib_ref.cgi?db=tp&amp;db_id=6298&amp;comment_code=c72&amp;element=Mg&amp;spectr_charge=1&amp;ref=6298&amp;type=,
,3 741.7,,2.76e+02,E,57 262.760,-,59 935.370,3s5g,3G,3,3s8f,3F°,3,,https://physics.nist.gov/cgi-bin/ASBib1/get_ASBib_ref.cgi?db=tp&amp;db_id=6298&amp;comment_code=c72&amp;element=Mg&amp;spectr_charge=1&amp;ref=6298&amp;type=,
,3 741.7,,4.13e+03,D,57 262.760,-,59 935.370,3s5g,3G,4,3s8f,3F°,3,,https://physics.nist.gov/cgi-bin/ASBib1/get_ASBib_ref.cgi?db=tp&amp;db_id=6298&amp;comment_code=c72&amp;element=Mg&amp;spectr_charge=1&amp;ref=6298&amp;type=,
,3 741.7,,4.40e+03,D,57 262.760,-,59 935.370,3s5g,1G,4,3s8f,1F°,3,,https://physics.nist.gov/cgi-bin/ASBib1/get_ASBib_ref.cgi?db=tp&amp;db_id=6298&amp;comment_code=c72&amp;element=Mg&amp;spectr_charge=1&amp;ref=6298&amp;type=,
,3 741.7,,2.15e+02,E,57 262.760,-,59 935.370,3s5g,3G,4,3s8f,3F°,4,,https://physics.nist.gov/cgi-bin/ASBib1/get_ASBib_ref.cgi?db=tp&amp;db_id=6298&amp;comment_code=c72&amp;element=Mg&amp;spectr_charge=1&amp;ref=6298&amp;type=,
,3 799.3,,1.91e+04,D,57 017.078,-,59 649.15,3s6p,3P°,0,3s9s,3S,1,,https://physics.nist.gov/cgi-bin/ASBib1/get_ASBib_ref.cgi?db=tp&amp;db_id=6298&amp;comment_code=c72&amp;element=Mg&amp;spectr_charge=1&amp;ref=6298&amp;type=,
,3 800.2,,5.73e+04,D+,57 017.724,-,59 649.15,3s6p,3P°,1,3s9s,3S,1,,https://physics.nist.gov/cgi-bin/ASBib1/get_ASBib_ref.cgi?db=tp&amp;db_id=6298&amp;comment_code=c72&amp;element=Mg&amp;spectr_charge=1&amp;ref=6298&amp;type=,
,3 802.10,,9.54e+04,C,57 019.025,-,59 649.15,3s6p,3P°,2,3s9s,3S,1,,https://physics.nist.gov/cgi-bin/ASBib1/get_ASBib_ref.cgi?db=tp&amp;db_id=6298&amp;comment_code=c72&amp;element=Mg&amp;spectr_charge=1&amp;ref=6298&amp;type=,
3 866.486,3 866.495,4000,4.41e+06,B+,54 676.438,-,57 262.760,3s4f,1F°,3,3s5g,1G,4,,https://physics.nist.gov/cgi-bin/ASBib1/get_ASBib_ref.cgi?db=tp&amp;db_id=6298&amp;comment_code=c72&amp;element=Mg&amp;spectr_charge=1&amp;ref=6298&amp;type=,https://physics.nist.gov/cgi-bin/ASBib1/get_ASBib_ref.cgi?db=el&amp;db_id=6692&amp;comment_code=&amp;element=Mg&amp;spectr_charge=1&amp;ref=6692&amp;type=
,3 866.9,,4.13e+06,B+,54 676.701,-,57 262.760,3s4f,3F°,3,3s5g,3G,4,,https://physics.nist.gov/cgi-bin/ASBib1/get_ASBib_ref.cgi?db=tp&amp;db_id=6298&amp;comment_code=c72&amp;element=Mg&amp;spectr_charge=1&amp;ref=6298&amp;type=,
3 866.81,3 866.818,4800,4.05e+06,B+,54 676.654,-,57 262.760,3s4f,3F°,2,3s5g,3G,3,,https://physics.nist.gov/cgi-bin/ASBib1/get_ASBib_ref.cgi?db=tp&amp;db_id=6298&amp;comment_code=c72&amp;element=Mg&amp;spectr_charge=1&amp;ref=6298&amp;type=,https://physics.nist.gov/cgi-bin/ASBib1/get_ASBib_ref.cgi?db=el&amp;db_id=6692&amp;comment_code=&amp;element=Mg&amp;spectr_charge=1&amp;ref=6692&amp;type=
3 866.874,3 866.888,5000,3.55e+05,B+,54 676.701,-,57 262.760,3s4f,3F°,3,3s5g,3G,3,,https://physics.nist.gov/cgi-bin/ASBib1/get_ASBib_ref.cgi?db=tp&amp;db_id=6298&amp;comment_code=c72&amp;element=Mg&amp;spectr_charge=1&amp;ref=6298&amp;type=,https://physics.nist.gov/cgi-bin/ASBib1/get_ASBib_ref.cgi?db=el&amp;db_id=6692&amp;comment_code=&amp;element=Mg&amp;spectr_charge=1&amp;ref=6692&amp;type=
,3 867.0,,2.76e+05,B+,54 676.755,-,57 262.760,3s4f,3F°,4,3s5g,3G,4,,https://physics.nist.gov/cgi-bin/ASBib1/get_ASBib_ref.cgi?db=tp&amp;db_id=6298&amp;comment_code=c72&amp;element=Mg&amp;spectr_charge=1&amp;ref=6298&amp;type=,
3 866.945,3 866.969,5000,5.41e+03,C,54 676.755,-,57 262.760,3s4f,3F°,4,3s5g,3G,3,,https://physics.nist.gov/cgi-bin/ASBib1/get_ASBib_ref.cgi?db=tp&amp;db_id=6298&amp;comment_code=c72&amp;element=Mg&amp;spectr_charge=1&amp;ref=6298&amp;type=,https://physics.nist.gov/cgi-bin/ASBib1/get_ASBib_ref.cgi?db=el&amp;db_id=6692&amp;comment_code=&amp;element=Mg&amp;spectr_charge=1&amp;ref=6692&amp;type=
,3 867.04,,1.30e+05,C,55 891.80,-,58 477.760,3s6s,3S,1,3s7p,3P°,2,,https://physics.nist.gov/cgi-bin/ASBib1/get_ASBib_ref.cgi?db=tp&amp;db_id=6298&amp;comment_code=c72&amp;element=Mg&amp;spectr_charge=1&amp;ref=6298&amp;type=,
,3 868.1,,1.30e+05,C,55 891.80,-,58 477.020,3s6s,3S,1,3s7p,3P°,1,,https://physics.nist.gov/cgi-bin/ASBib1/get_ASBib_ref.cgi?db=tp&amp;db_id=6298&amp;comment_code=c72&amp;element=Mg&amp;spectr_charge=1&amp;ref=6298&amp;type=,
,3 868.6,,1.30e+05,D+,55 891.80,-,58 476.689,3s6s,3S,1,3s7p,3P°,0,,https://physics.nist.gov/cgi-bin/ASBib1/get_ASBib_ref.cgi?db=tp&amp;db_id=6298&amp;comment_code=c72&amp;element=Mg&amp;spectr_charge=1&amp;ref=6298&amp;type=,
,3 936.8,,2.28e+04,C,58 023.246,-,60 563.35,3s6d,1D,2,3s11p,1P°,1,,https://physics.nist.gov/cgi-bin/ASBib1/get_ASBib_ref.cgi?db=tp&amp;db_id=6298&amp;comment_code=c72&amp;element=Mg&amp;spectr_charge=1&amp;ref=6298&amp;type=,
,3 938.0,,4.82e+03,D,58 023.246,-,60 562.637,3s6d,1D,2,3s10f,1F°,3,,https://physics.nist.gov/cgi-bin/ASBib1/get_ASBib_ref.cgi?db=tp&amp;db_id=6298&amp;comment_code=c72&amp;element=Mg&amp;spectr_charge=1&amp;ref=6298&amp;type=,
,4 012.7,,1.49e+05,C,57 214.992,-,59 707.11,3s6p,1P°,1,3s9s,1S,0,,https://physics.nist.gov/cgi-bin/ASBib1/get_ASBib_ref.cgi?db=tp&amp;db_id=6298&amp;comment_code=c72&amp;element=Mg&amp;spectr_charge=1&amp;ref=6298&amp;type=,
,4 022.8,,4.13e+04,C,57 204.163,-,59 689.991,3s5f,1F°,3,3s8d,1D,2,,https://physics.nist.gov/cgi-bin/ASBib1/get_ASBib_ref.cgi?db=tp&amp;db_id=6298&amp;comment_code=c72&amp;element=Mg&amp;spectr_charge=1&amp;ref=6298&amp;type=,
,4 110.9,,1.91e+03,E,56 968.218,-,59 400.763,3s5d,3D,3,3s7f,3F°,2,,https://physics.nist.gov/cgi-bin/ASBib1/get_ASBib_ref.cgi?db=tp&amp;db_id=6298&amp;comment_code=c72&amp;element=Mg&amp;spectr_charge=1&amp;ref=6298&amp;type=,
,4 111.0,,3.86e+05,B,56 968.248,-,59 400.763,3s5d,3D,2,3s7f,3F°,3,,https://physics.nist.gov/cgi-bin/ASBib1/get_ASBib_ref.cgi?db=tp&amp;db_id=6298&amp;comment_code=c72&amp;element=Mg&amp;spectr_charge=1&amp;ref=6298&amp;type=,
,4 111.0,,6.79e+04,C,56 968.248,-,59 400.763,3s5d,3D,2,3s7f,3F°,2,,https://physics.nist.gov/cgi-bin/ASBib1/get_ASBib_ref.cgi?db=tp&amp;db_id=6298&amp;comment_code=c72&amp;element=Mg&amp;spectr_charge=1&amp;ref=6298&amp;type=,
,4 110.9,,4.85e+04,C,56 968.218,-,59 400.763,3s5d,3D,3,3s7f,3F°,3,,https://physics.nist.gov/cgi-bin/ASBib1/get_ASBib_ref.cgi?db=tp&amp;db_id=6298&amp;comment_code=c72&amp;element=Mg&amp;spectr_charge=1&amp;ref=6298&amp;type=,
,4 110.9,,4.36e+05,B,56 968.218,-,59 400.763,3s5d,3D,3,3s7f,3F°,4,,https://physics.nist.gov/cgi-bin/ASBib1/get_ASBib_ref.cgi?db=tp&amp;db_id=6298&amp;comment_code=c72&amp;element=Mg&amp;spectr_charge=1&amp;ref=6298&amp;type=,
,4 111.010,,3.65e+05,C+,56 968.271,-,59 400.763,3s5d,3D,1,3s7f,3F°,2,,https://physics.nist.gov/cgi-bin/ASBib1/get_ASBib_ref.cgi?db=tp&amp;db_id=6298&amp;comment_code=c72&amp;element=Mg&amp;spectr_charge=1&amp;ref=6298&amp;type=,
,4 178.2,,9.86e+04,C,56 186.873,-,58 580.23,3s6s,1S,0,3s7p,1P°,1,,https://physics.nist.gov/cgi-bin/ASBib1/get_ASBib_ref.cgi?db=tp&amp;db_id=6298&amp;comment_code=c72&amp;element=Mg&amp;spectr_charge=1&amp;ref=6298&amp;type=,
4 201.264,4 201.328,5000,2.25e+06,B+,51 872.526,-,54 252.726,3s5s,3S,1,3s5p,3P°,2,,https://physics.nist.gov/cgi-bin/ASBib1/get_ASBib_ref.cgi?db=tp&amp;db_id=6298&amp;comment_code=c72&amp;element=Mg&amp;spectr_charge=1&amp;ref=6298&amp;type=,https://physics.nist.gov/cgi-bin/ASBib1/get_ASBib_ref.cgi?db=el&amp;db_id=6692&amp;comment_code=&amp;element=Mg&amp;spectr_charge=1&amp;ref=6692&amp;type=
4 205.931,4 205.993,3150,2.24e+06,B+,51 872.526,-,54 250.086,3s5s,3S,1,3s5p,3P°,1,,https://physics.nist.gov/cgi-bin/ASBib1/get_ASBib_ref.cgi?db=tp&amp;db_id=6298&amp;comment_code=c72&amp;element=Mg&amp;spectr_charge=1&amp;ref=6298&amp;type=,https://physics.nist.gov/cgi-bin/ASBib1/get_ASBib_ref.cgi?db=el&amp;db_id=6692&amp;comment_code=&amp;element=Mg&amp;spectr_charge=1&amp;ref=6692&amp;type=
4 208.214,4 208.253,1000,2.24e+06,B+,51 872.526,-,54 248.809,3s5s,3S,1,3s5p,3P°,0,,https://physics.nist.gov/cgi-bin/ASBib1/get_ASBib_ref.cgi?db=tp&amp;db_id=6298&amp;comment_code=c72&amp;element=Mg&amp;spectr_charge=1&amp;ref=6298&amp;type=,https://physics.nist.gov/cgi-bin/ASBib1/get_ASBib_ref.cgi?db=el&amp;db_id=6692&amp;comment_code=&amp;element=Mg&amp;spectr_charge=1&amp;ref=6692&amp;type=
,4 211.8,,3.91e+04,C,56 968.218,-,59 342.51,3s5d,3D,3,3s8p,3P°,2,,https://physics.nist.gov/cgi-bin/ASBib1/get_ASBib_ref.cgi?db=tp&amp;db_id=6298&amp;comment_code=c72&amp;element=Mg&amp;spectr_charge=1&amp;ref=6298&amp;type=,
,4 211.8,,6.99e+03,D,56 968.248,-,59 342.51,3s5d,3D,2,3s8p,3P°,2,,https://physics.nist.gov/cgi-bin/ASBib1/get_ASBib_ref.cgi?db=tp&amp;db_id=6298&amp;comment_code=c72&amp;element=Mg&amp;spectr_charge=1&amp;ref=6298&amp;type=,
,4 211.9,,4.65e+02,E,56 968.271,-,59 342.51,3s5d,3D,1,3s8p,3P°,2,,https://physics.nist.gov/cgi-bin/ASBib1/get_ASBib_ref.cgi?db=tp&amp;db_id=6298&amp;comment_code=c72&amp;element=Mg&amp;spectr_charge=1&amp;ref=6298&amp;type=,
,4 211.9,,4.65e+04,D,56 968.271,-,59 342.51,3s5d,3D,1,3s8p,3P°,0,,https://physics.nist.gov/cgi-bin/ASBib1/get_ASBib_ref.cgi?db=tp&amp;db_id=6298&amp;comment_code=c72&amp;element=Mg&amp;spectr_charge=1&amp;ref=6298&amp;type=,
,4 211.9,,1.16e+04,D,56 968.271,-,59 342.51,3s5d,3D,1,3s8p,3P°,1,,https://physics.nist.gov/cgi-bin/ASBib1/get_ASBib_ref.cgi?db=tp&amp;db_id=6298&amp;comment_code=c72&amp;element=Mg&amp;spectr_charge=1&amp;ref=6298&amp;type=,
,4 211.8,,3.49e+04,D+,56 968.248,-,59 342.51,3s5d,3D,2,3s8p,3P°,1,,https://physics.nist.gov/cgi-bin/ASBib1/get_ASBib_ref.cgi?db=tp&amp;db_id=6298&amp;comment_code=c72&amp;element=Mg&amp;spectr_charge=1&amp;ref=6298&amp;type=,
,4 344.6,,1.93e+05,C+,57 017.078,-,59 318.793,3s6p,3P°,0,3s7d,3D,1,,https://physics.nist.gov/cgi-bin/ASBib1/get_ASBib_ref.cgi?db=tp&amp;db_id=6298&amp;comment_code=c72&amp;element=Mg&amp;spectr_charge=1&amp;ref=6298&amp;type=,
,4 345.8,,1.44e+05,C,57 017.724,-,59 318.793,3s6p,3P°,1,3s7d,3D,1,,https://physics.nist.gov/cgi-bin/ASBib1/get_ASBib_ref.cgi?db=tp&amp;db_id=6298&amp;comment_code=c72&amp;element=Mg&amp;spectr_charge=1&amp;ref=6298&amp;type=,
,4 345.8,,2.61e+05,C+,57 017.724,-,59 318.775,3s6p,3P°,1,3s7d,3D,2,,https://physics.nist.gov/cgi-bin/ASBib1/get_ASBib_ref.cgi?db=tp&amp;db_id=6298&amp;comment_code=c72&amp;element=Mg&amp;spectr_charge=1&amp;ref=6298&amp;type=,
,4 348.3,,9.64e+03,D,57 019.025,-,59 318.793,3s6p,3P°,2,3s7d,3D,1,,https://physics.nist.gov/cgi-bin/ASBib1/get_ASBib_ref.cgi?db=tp&amp;db_id=6298&amp;comment_code=c72&amp;element=Mg&amp;spectr_charge=1&amp;ref=6298&amp;type=,
,4 348.3,,8.64e+04,C,57 019.025,-,59 318.775,3s6p,3P°,2,3s7d,3D,2,,https://physics.nist.gov/cgi-bin/ASBib1/get_ASBib_ref.cgi?db=tp&amp;db_id=6298&amp;comment_code=c72&amp;element=Mg&amp;spectr_charge=1&amp;ref=6298&amp;type=,
,4 348.3,,3.45e+05,B,57 019.025,-,59 318.764,3s6p,3P°,2,3s7d,3D,3,,https://physics.nist.gov/cgi-bin/ASBib1/get_ASBib_ref.cgi?db=tp&amp;db_id=6298&amp;comment_code=c72&amp;element=Mg&amp;spectr_charge=1&amp;ref=6298&amp;type=,
,4 361.3,,8.97e+03,D,58 009.41,-,60 302.30,3s7s,1S,0,3s10p,1P°,1,,https://physics.nist.gov/cgi-bin/ASBib1/get_ASBib_ref.cgi?db=tp&amp;db_id=6298&amp;comment_code=c72&amp;element=Mg&amp;spectr_charge=1&amp;ref=6298&amp;type=,
,4 363.8,,1.54e+04,C+,54 676.654,-,56 968.248,3s4f,3F°,2,3s5d,3D,2,,https://physics.nist.gov/cgi-bin/ASBib1/get_ASBib_ref.cgi?db=tp&amp;db_id=6298&amp;comment_code=c72&amp;element=Mg&amp;spectr_charge=1&amp;ref=6298&amp;type=,
,4 363.7,,1.38e+05,B,54 676.654,-,56 968.271,3s4f,3F°,2,3s5d,3D,1,,https://physics.nist.gov/cgi-bin/ASBib1/get_ASBib_ref.cgi?db=tp&amp;db_id=6298&amp;comment_code=c72&amp;element=Mg&amp;spectr_charge=1&amp;ref=6298&amp;type=,
,4 363.8,,3.10e+02,D,54 676.654,-,56 968.218,3s4f,3F°,2,3s5d,3D,3,,https://physics.nist.gov/cgi-bin/ASBib1/get_ASBib_ref.cgi?db=tp&amp;db_id=6298&amp;comment_code=c72&amp;element=Mg&amp;spectr_charge=1&amp;ref=6298&amp;type=,
,4 363.9,,1.10e+04,C+,54 676.701,-,56 968.218,3s4f,3F°,3,3s5d,3D,3,,https://physics.nist.gov/cgi-bin/ASBib1/get_ASBib_ref.cgi?db=tp&amp;db_id=6298&amp;comment_code=c72&amp;element=Mg&amp;spectr_charge=1&amp;ref=6298&amp;type=,
4 363.95,4 363.864,50*,1.23e+05,B,54 676.701,-,56 968.248,3s4f,3F°,3,3s5d,3D,2,,https://physics.nist.gov/cgi-bin/ASBib1/get_ASBib_ref.cgi?db=tp&amp;db_id=6298&amp;comment_code=c72&amp;element=Mg&amp;spectr_charge=1&amp;ref=6298&amp;type=,https://physics.nist.gov/cgi-bin/ASBib1/get_ASBib_ref.cgi?db=el&amp;db_id=6692&amp;comment_code=&amp;element=Mg&amp;spectr_charge=1&amp;ref=6692&amp;type=
4 363.95,4 364.024,50*,1.27e+05,B,54 676.755,-,56 968.218,3s4f,3F°,4,3s5d,3D,3,,https://physics.nist.gov/cgi-bin/ASBib1/get_ASBib_ref.cgi?db=tp&amp;db_id=6298&amp;comment_code=c72&amp;element=Mg&amp;spectr_charge=1&amp;ref=6298&amp;type=,https://physics.nist.gov/cgi-bin/ASBib1/get_ASBib_ref.cgi?db=el&amp;db_id=6692&amp;comment_code=&amp;element=Mg&amp;spectr_charge=1&amp;ref=6692&amp;type=
,4 387.8,,3.25e+04,D+,58 023.246,-,60 302.30,3s6d,1D,2,3s10p,1P°,1,,https://physics.nist.gov/cgi-bin/ASBib1/get_ASBib_ref.cgi?db=tp&amp;db_id=6298&amp;comment_code=c72&amp;element=Mg&amp;spectr_charge=1&amp;ref=6298&amp;type=,
,4 389.7,,3.71e+03,D,58 023.246,-,60 301.283,3s6d,1D,2,3s9f,1F°,3,,https://physics.nist.gov/cgi-bin/ASBib1/get_ASBib_ref.cgi?db=tp&amp;db_id=6298&amp;comment_code=c72&amp;element=Mg&amp;spectr_charge=1&amp;ref=6298&amp;type=,
4 401.68,4 401.70,20,1.54e+05,C,56 308.381,-,58 580.23,3s5d,1D,2,3s7p,1P°,1,,https://physics.nist.gov/cgi-bin/ASBib1/get_ASBib_ref.cgi?db=tp&amp;db_id=6298&amp;comment_code=c72&amp;element=Mg&amp;spectr_charge=1&amp;ref=6298&amp;type=,https://physics.nist.gov/cgi-bin/ASBib1/get_ASBib_ref.cgi?db=el&amp;db_id=6692&amp;comment_code=&amp;element=Mg&amp;spectr_charge=1&amp;ref=6692&amp;type=
,4 410.9,,1.51e+04,C+,56 308.381,-,58 575.477,3s5d,1D,2,3s6f,1F°,3,,https://physics.nist.gov/cgi-bin/ASBib1/get_ASBib_ref.cgi?db=tp&amp;db_id=6298&amp;comment_code=c72&amp;element=Mg&amp;spectr_charge=1&amp;ref=6298&amp;type=,
,4 505.8,,5.90e+05,B,57 204.163,-,59 423.537,3s5f,1F°,3,3s7g,1G,4,,https://physics.nist.gov/cgi-bin/ASBib1/get_ASBib_ref.cgi?db=tp&amp;db_id=6298&amp;comment_code=c72&amp;element=Mg&amp;spectr_charge=1&amp;ref=6298&amp;type=,
,4 506.0,,4.76e+04,C,57 204.267,-,59 423.537,3s5f,3F°,3,3s7g,3G,3,,https://physics.nist.gov/cgi-bin/ASBib1/get_ASBib_ref.cgi?db=tp&amp;db_id=6298&amp;comment_code=c72&amp;element=Mg&amp;spectr_charge=1&amp;ref=6298&amp;type=,
,4 505.9,,5.42e+05,B,57 204.228,-,59 423.537,3s5f,3F°,2,3s7g,3G,3,,https://physics.nist.gov/cgi-bin/ASBib1/get_ASBib_ref.cgi?db=tp&amp;db_id=6298&amp;comment_code=c72&amp;element=Mg&amp;spectr_charge=1&amp;ref=6298&amp;type=,
,4 506.0,,5.54e+05,B,57 204.267,-,59 423.537,3s5f,3F°,3,3s7g,3G,4,,https://physics.nist.gov/cgi-bin/ASBib1/get_ASBib_ref.cgi?db=tp&amp;db_id=6298&amp;comment_code=c72&amp;element=Mg&amp;spectr_charge=1&amp;ref=6298&amp;type=,
,4 506.06,,7.22e+02,E,57 204.305,-,59 423.537,3s5f,3F°,4,3s7g,3G,3,,https://physics.nist.gov/cgi-bin/ASBib1/get_ASBib_ref.cgi?db=tp&amp;db_id=6298&amp;comment_code=c72&amp;element=Mg&amp;spectr_charge=1&amp;ref=6298&amp;type=,
,4 506.06,,3.71e+04,C,57 204.305,-,59 423.537,3s5f,3F°,4,3s7g,3G,4,,https://physics.nist.gov/cgi-bin/ASBib1/get_ASBib_ref.cgi?db=tp&amp;db_id=6298&amp;comment_code=c72&amp;element=Mg&amp;spectr_charge=1&amp;ref=6298&amp;type=,
,4 506.06,,5.91e+05,B,57 204.305,-,59 423.537,3s5f,3F°,4,3s7g,3G,5,,https://physics.nist.gov/cgi-bin/ASBib1/get_ASBib_ref.cgi?db=tp&amp;db_id=6298&amp;comment_code=c72&amp;element=Mg&amp;spectr_charge=1&amp;ref=6298&amp;type=,
4 650.399,4 650.449,10000,1.81e+06,A,52 556.206,-,54 706.536,3s5s,1S,0,3s5p,1P°,1,,https://physics.nist.gov/cgi-bin/ASBib1/get_ASBib_ref.cgi?db=tp&amp;db_id=5539&amp;comment_code=&amp;element=Mg&amp;spectr_charge=1&amp;ref=5539&amp;type=,https://physics.nist.gov/cgi-bin/ASBib1/get_ASBib_ref.cgi?db=el&amp;db_id=6692&amp;comment_code=&amp;element=Mg&amp;spectr_charge=1&amp;ref=6692&amp;type=
,4 677.3,,6.12e+00,E,57 262.760,-,59 400.763,3s5g,3G,3,3s7f,3F°,4,,https://physics.nist.gov/cgi-bin/ASBib1/get_ASBib_ref.cgi?db=tp&amp;db_id=6298&amp;comment_code=c72&amp;element=Mg&amp;spectr_charge=1&amp;ref=6298&amp;type=,
,4 677.3,,7.72e+03,D+,57 262.760,-,59 400.763,3s5g,3G,4,3s7f,3F°,3,,https://physics.nist.gov/cgi-bin/ASBib1/get_ASBib_ref.cgi?db=tp&amp;db_id=6298&amp;comment_code=c72&amp;element=Mg&amp;spectr_charge=1&amp;ref=6298&amp;type=,
,4 677.3,,4.02e+02,E,57 262.760,-,59 400.763,3s5g,3G,4,3s7f,3F°,4,,https://physics.nist.gov/cgi-bin/ASBib1/get_ASBib_ref.cgi?db=tp&amp;db_id=6298&amp;comment_code=c72&amp;element=Mg&amp;spectr_charge=1&amp;ref=6298&amp;type=,
,4 677.3,,8.23e+03,D+,57 262.760,-,59 400.763,3s5g,1G,4,3s7f,1F°,3,,https://physics.nist.gov/cgi-bin/ASBib1/get_ASBib_ref.cgi?db=tp&amp;db_id=6298&amp;comment_code=c72&amp;element=Mg&amp;spectr_charge=1&amp;ref=6298&amp;type=,
,4 677.3,,5.15e+02,E,57 262.760,-,59 400.763,3s5g,3G,3,3s7f,3F°,3,,https://physics.nist.gov/cgi-bin/ASBib1/get_ASBib_ref.cgi?db=tp&amp;db_id=6298&amp;comment_code=c72&amp;element=Mg&amp;spectr_charge=1&amp;ref=6298&amp;type=,
,4 677.3,,8.24e+03,D+,57 262.760,-,59 400.763,3s5g,3G,3,3s7f,3F°,2,,https://physics.nist.gov/cgi-bin/ASBib1/get_ASBib_ref.cgi?db=tp&amp;db_id=6298&amp;comment_code=c72&amp;element=Mg&amp;spectr_charge=1&amp;ref=6298&amp;type=,
,4 717.44,,8.46e+04,C+,58 442.843,-,60 562.637,3s6d,3D,3,3s10f,3F°,4,,https://physics.nist.gov/cgi-bin/ASBib1/get_ASBib_ref.cgi?db=tp&amp;db_id=6298&amp;comment_code=c72&amp;element=Mg&amp;spectr_charge=1&amp;ref=6298&amp;type=,
,4 717.44,,9.44e+03,D+,58 442.843,-,60 562.637,3s6d,3D,3,3s10f,3F°,3,,https://physics.nist.gov/cgi-bin/ASBib1/get_ASBib_ref.cgi?db=tp&amp;db_id=6298&amp;comment_code=c72&amp;element=Mg&amp;spectr_charge=1&amp;ref=6298&amp;type=,
,4 717.44,,3.72e+02,E,58 442.843,-,60 562.637,3s6d,3D,3,3s10f,3F°,2,,https://physics.nist.gov/cgi-bin/ASBib1/get_ASBib_ref.cgi?db=tp&amp;db_id=6298&amp;comment_code=c72&amp;element=Mg&amp;spectr_charge=1&amp;ref=6298&amp;type=,
,4 717.46,,1.32e+04,D+,58 442.853,-,60 562.637,3s6d,3D,2,3s10f,3F°,2,,https://physics.nist.gov/cgi-bin/ASBib1/get_ASBib_ref.cgi?db=tp&amp;db_id=6298&amp;comment_code=c72&amp;element=Mg&amp;spectr_charge=1&amp;ref=6298&amp;type=,
,4 717.46,,7.51e+04,C+,58 442.853,-,60 562.637,3s6d,3D,2,3s10f,3F°,3,,https://physics.nist.gov/cgi-bin/ASBib1/get_ASBib_ref.cgi?db=tp&amp;db_id=6298&amp;comment_code=c72&amp;element=Mg&amp;spectr_charge=1&amp;ref=6298&amp;type=,
,4 717.51,,7.10e+04,C,58 442.874,-,60 562.637,3s6d,3D,1,3s10f,3F°,2,,https://physics.nist.gov/cgi-bin/ASBib1/get_ASBib_ref.cgi?db=tp&amp;db_id=6298&amp;comment_code=c72&amp;element=Mg&amp;spectr_charge=1&amp;ref=6298&amp;type=,
,4 729.1,,4.96e+04,C,57 204.228,-,59 318.793,3s5f,3F°,2,3s7d,3D,1,,https://physics.nist.gov/cgi-bin/ASBib1/get_ASBib_ref.cgi?db=tp&amp;db_id=6298&amp;comment_code=c72&amp;element=Mg&amp;spectr_charge=1&amp;ref=6298&amp;type=,
,4 729.2,,1.11e+02,E,57 204.228,-,59 318.764,3s5f,3F°,2,3s7d,3D,3,,https://physics.nist.gov/cgi-bin/ASBib1/get_ASBib_ref.cgi?db=tp&amp;db_id=6298&amp;comment_code=c72&amp;element=Mg&amp;spectr_charge=1&amp;ref=6298&amp;type=,
,4 729.1,,5.52e+03,D,57 204.228,-,59 318.775,3s5f,3F°,2,3s7d,3D,2,,https://physics.nist.gov/cgi-bin/ASBib1/get_ASBib_ref.cgi?db=tp&amp;db_id=6298&amp;comment_code=c72&amp;element=Mg&amp;spectr_charge=1&amp;ref=6298&amp;type=,
,4 729.3,,3.94e+03,D,57 204.267,-,59 318.764,3s5f,3F°,3,3s7d,3D,3,,https://physics.nist.gov/cgi-bin/ASBib1/get_ASBib_ref.cgi?db=tp&amp;db_id=6298&amp;comment_code=c72&amp;element=Mg&amp;spectr_charge=1&amp;ref=6298&amp;type=,
,4 729.2,,4.43e+04,C,57 204.267,-,59 318.775,3s5f,3F°,3,3s7d,3D,2,,https://physics.nist.gov/cgi-bin/ASBib1/get_ASBib_ref.cgi?db=tp&amp;db_id=6298&amp;comment_code=c72&amp;element=Mg&amp;spectr_charge=1&amp;ref=6298&amp;type=,
,4 729.3,,4.56e+04,C,57 204.305,-,59 318.764,3s5f,3F°,4,3s7d,3D,3,,https://physics.nist.gov/cgi-bin/ASBib1/get_ASBib_ref.cgi?db=tp&amp;db_id=6298&amp;comment_code=c72&amp;element=Mg&amp;spectr_charge=1&amp;ref=6298&amp;type=,
,4 857.5,,3.84e+04,C,58 476.689,-,60 535.34,3s7p,3P°,0,3s10d,3D,1,,https://physics.nist.gov/cgi-bin/ASBib1/get_ASBib_ref.cgi?db=tp&amp;db_id=6298&amp;comment_code=c72&amp;element=Mg&amp;spectr_charge=1&amp;ref=6298&amp;type=,
,4 858.3,,5.19e+04,C,58 477.020,-,60 535.34,3s7p,3P°,1,3s10d,3D,2,,https://physics.nist.gov/cgi-bin/ASBib1/get_ASBib_ref.cgi?db=tp&amp;db_id=6298&amp;comment_code=c72&amp;element=Mg&amp;spectr_charge=1&amp;ref=6298&amp;type=,
,4 858.3,,2.88e+04,C,58 477.020,-,60 535.34,3s7p,3P°,1,3s10d,3D,1,,https://physics.nist.gov/cgi-bin/ASBib1/get_ASBib_ref.cgi?db=tp&amp;db_id=6298&amp;comment_code=c72&amp;element=Mg&amp;spectr_charge=1&amp;ref=6298&amp;type=,
,4 860.08,,1.92e+03,E,58 477.760,-,60 535.34,3s7p,3P°,2,3s10d,3D,1,,https://physics.nist.gov/cgi-bin/ASBib1/get_ASBib_ref.cgi?db=tp&amp;db_id=6298&amp;comment_code=c72&amp;element=Mg&amp;spectr_charge=1&amp;ref=6298&amp;type=,
,4 860.08,,6.90e+04,C+,58 477.760,-,60 535.34,3s7p,3P°,2,3s10d,3D,3,,https://physics.nist.gov/cgi-bin/ASBib1/get_ASBib_ref.cgi?db=tp&amp;db_id=6298&amp;comment_code=c72&amp;element=Mg&amp;spectr_charge=1&amp;ref=6298&amp;type=,
,4 860.08,,1.73e+04,C,58 477.760,-,60 535.34,3s7p,3P°,2,3s10d,3D,2,,https://physics.nist.gov/cgi-bin/ASBib1/get_ASBib_ref.cgi?db=tp&amp;db_id=6298&amp;comment_code=c72&amp;element=Mg&amp;spectr_charge=1&amp;ref=6298&amp;type=,
,4 895.6,,2.35e+04,D+,57 855.214,-,59 897.86,3s7s,3S,1,3s9p,3P°,1,,https://physics.nist.gov/cgi-bin/ASBib1/get_ASBib_ref.cgi?db=tp&amp;db_id=6298&amp;comment_code=c72&amp;element=Mg&amp;spectr_charge=1&amp;ref=6298&amp;type=,
,4 895.6,,2.35e+04,C,57 855.214,-,59 897.86,3s7s,3S,1,3s9p,3P°,2,,https://physics.nist.gov/cgi-bin/ASBib1/get_ASBib_ref.cgi?db=tp&amp;db_id=6298&amp;comment_code=c72&amp;element=Mg&amp;spectr_charge=1&amp;ref=6298&amp;type=,
,4 895.6,,2.35e+04,D,57 855.214,-,59 897.86,3s7s,3S,1,3s9p,3P°,0,,https://physics.nist.gov/cgi-bin/ASBib1/get_ASBib_ref.cgi?db=tp&amp;db_id=6298&amp;comment_code=c72&amp;element=Mg&amp;spectr_charge=1&amp;ref=6298&amp;type=,
,5 102.5,,1.04e+03,E,58 575.527,-,60 535.34,3s6f,3F°,3,3s10d,3D,3,,https://physics.nist.gov/cgi-bin/ASBib1/get_ASBib_ref.cgi?db=tp&amp;db_id=6298&amp;comment_code=c72&amp;element=Mg&amp;spectr_charge=1&amp;ref=6298&amp;type=,
,5 102.5,,1.16e+04,D+,58 575.527,-,60 535.34,3s6f,3F°,3,3s10d,3D,2,,https://physics.nist.gov/cgi-bin/ASBib1/get_ASBib_ref.cgi?db=tp&amp;db_id=6298&amp;comment_code=c72&amp;element=Mg&amp;spectr_charge=1&amp;ref=6298&amp;type=,
,5 102.5,,1.46e+03,E,58 575.527,-,60 535.34,3s6f,3F°,2,3s10d,3D,2,,https://physics.nist.gov/cgi-bin/ASBib1/get_ASBib_ref.cgi?db=tp&amp;db_id=6298&amp;comment_code=c72&amp;element=Mg&amp;spectr_charge=1&amp;ref=6298&amp;type=,
,5 102.5,,1.31e+04,D+,58 575.527,-,60 535.34,3s6f,3F°,2,3s10d,3D,1,,https://physics.nist.gov/cgi-bin/ASBib1/get_ASBib_ref.cgi?db=tp&amp;db_id=6298&amp;comment_code=c72&amp;element=Mg&amp;spectr_charge=1&amp;ref=6298&amp;type=,
,5 102.5,,2.93e+01,E,58 575.527,-,60 535.34,3s6f,3F°,2,3s10d,3D,3,,https://physics.nist.gov/cgi-bin/ASBib1/get_ASBib_ref.cgi?db=tp&amp;db_id=6298&amp;comment_code=c72&amp;element=Mg&amp;spectr_charge=1&amp;ref=6298&amp;type=,
,5 102.5,,1.20e+04,C,58 575.527,-,60 535.34,3s6f,3F°,4,3s10d,3D,3,,https://physics.nist.gov/cgi-bin/ASBib1/get_ASBib_ref.cgi?db=tp&amp;db_id=6298&amp;comment_code=c72&amp;element=Mg&amp;spectr_charge=1&amp;ref=6298&amp;type=,
,5 123.4,,1.43e+02,E,58 610.795,-,60 562.637,3s6g,3G,4,3s10f,3F°,4,,https://physics.nist.gov/cgi-bin/ASBib1/get_ASBib_ref.cgi?db=tp&amp;db_id=6298&amp;comment_code=c72&amp;element=Mg&amp;spectr_charge=1&amp;ref=6298&amp;type=,
,5 123.4,,2.79e+03,D,58 610.795,-,60 562.637,3s6g,3G,5,3s10f,3F°,4,,https://physics.nist.gov/cgi-bin/ASBib1/get_ASBib_ref.cgi?db=tp&amp;db_id=6298&amp;comment_code=c72&amp;element=Mg&amp;spectr_charge=1&amp;ref=6298&amp;type=,
,5 123.4,,2.17e+00,E,58 610.795,-,60 562.637,3s6g,3G,3,3s10f,3F°,4,,https://physics.nist.gov/cgi-bin/ASBib1/get_ASBib_ref.cgi?db=tp&amp;db_id=6298&amp;comment_code=c72&amp;element=Mg&amp;spectr_charge=1&amp;ref=6298&amp;type=,
,5 123.4,,1.84e+02,E,58 610.795,-,60 562.637,3s6g,3G,3,3s10f,3F°,3,,https://physics.nist.gov/cgi-bin/ASBib1/get_ASBib_ref.cgi?db=tp&amp;db_id=6298&amp;comment_code=c72&amp;element=Mg&amp;spectr_charge=1&amp;ref=6298&amp;type=,
,5 123.4,,2.94e+03,D,58 610.795,-,60 562.637,3s6g,3G,3,3s10f,3F°,2,,https://physics.nist.gov/cgi-bin/ASBib1/get_ASBib_ref.cgi?db=tp&amp;db_id=6298&amp;comment_code=c72&amp;element=Mg&amp;spectr_charge=1&amp;ref=6298&amp;type=,
,5 123.4,,2.75e+03,D,58 610.795,-,60 562.637,3s6g,3G,4,3s10f,3F°,3,,https://physics.nist.gov/cgi-bin/ASBib1/get_ASBib_ref.cgi?db=tp&amp;db_id=6298&amp;comment_code=c72&amp;element=Mg&amp;spectr_charge=1&amp;ref=6298&amp;type=,
,5 123.4,,2.93e+03,D,58 610.795,-,60 562.637,3s6g,1G,4,3s10f,1F°,3,,https://physics.nist.gov/cgi-bin/ASBib1/get_ASBib_ref.cgi?db=tp&amp;db_id=6298&amp;comment_code=c72&amp;element=Mg&amp;spectr_charge=1&amp;ref=6298&amp;type=,
,5 139.6,,3.28e+04,C,57 017.078,-,58 962.739,3s6p,3P°,0,3s8s,3S,1,,https://physics.nist.gov/cgi-bin/ASBib1/get_ASBib_ref.cgi?db=tp&amp;db_id=6298&amp;comment_code=c72&amp;element=Mg&amp;spectr_charge=1&amp;ref=6298&amp;type=,
,5 141.3,,9.84e+04,C,57 017.724,-,58 962.739,3s6p,3P°,1,3s8s,3S,1,,https://physics.nist.gov/cgi-bin/ASBib1/get_ASBib_ref.cgi?db=tp&amp;db_id=6298&amp;comment_code=c72&amp;element=Mg&amp;spectr_charge=1&amp;ref=6298&amp;type=,
,5 143.6,,5.78e+03,D,58 476.689,-,60 420.87,3s7p,3P°,0,3s11s,3S,1,,https://physics.nist.gov/cgi-bin/ASBib1/get_ASBib_ref.cgi?db=tp&amp;db_id=6298&amp;comment_code=c72&amp;element=Mg&amp;spectr_charge=1&amp;ref=6298&amp;type=,
,5 144.4,,1.73e+04,D+,58 477.020,-,60 420.87,3s7p,3P°,1,3s11s,3S,1,,https://physics.nist.gov/cgi-bin/ASBib1/get_ASBib_ref.cgi?db=tp&amp;db_id=6298&amp;comment_code=c72&amp;element=Mg&amp;spectr_charge=1&amp;ref=6298&amp;type=,
,5 144.8,,1.64e+05,C+,57 019.025,-,58 962.739,3s6p,3P°,2,3s8s,3S,1,,https://physics.nist.gov/cgi-bin/ASBib1/get_ASBib_ref.cgi?db=tp&amp;db_id=6298&amp;comment_code=c72&amp;element=Mg&amp;spectr_charge=1&amp;ref=6298&amp;type=,
,5 146.4,,2.89e+04,C,58 477.760,-,60 420.87,3s7p,3P°,2,3s11s,3S,1,,https://physics.nist.gov/cgi-bin/ASBib1/get_ASBib_ref.cgi?db=tp&amp;db_id=6298&amp;comment_code=c72&amp;element=Mg&amp;spectr_charge=1&amp;ref=6298&amp;type=,
,5 188.8,,1.69e+04,D+,58 009.41,-,59 936.63,3s7s,1S,0,3s9p,1P°,1,,https://physics.nist.gov/cgi-bin/ASBib1/get_ASBib_ref.cgi?db=tp&amp;db_id=6298&amp;comment_code=c72&amp;element=Mg&amp;spectr_charge=1&amp;ref=6298&amp;type=,
,5 226.3,,4.88e+04,C,58 023.246,-,59 936.63,3s6d,1D,2,3s9p,1P°,1,,https://physics.nist.gov/cgi-bin/ASBib1/get_ASBib_ref.cgi?db=tp&amp;db_id=6298&amp;comment_code=c72&amp;element=Mg&amp;spectr_charge=1&amp;ref=6298&amp;type=,
,5 377.4,,1.48e+04,C,58 575.477,-,60 435.099,3s6f,1F°,3,3s10d,1D,2,,https://physics.nist.gov/cgi-bin/ASBib1/get_ASBib_ref.cgi?db=tp&amp;db_id=6298&amp;comment_code=c72&amp;element=Mg&amp;spectr_charge=1&amp;ref=6298&amp;type=,
,5 380.86,,1.26e+04,C,58 442.843,-,60 301.283,3s6d,3D,3,3s9f,3F°,3,,https://physics.nist.gov/cgi-bin/ASBib1/get_ASBib_ref.cgi?db=tp&amp;db_id=6298&amp;comment_code=c72&amp;element=Mg&amp;spectr_charge=1&amp;ref=6298&amp;type=,
,5 380.86,,1.13e+05,C+,58 442.843,-,60 301.283,3s6d,3D,3,3s9f,3F°,4,,https://physics.nist.gov/cgi-bin/ASBib1/get_ASBib_ref.cgi?db=tp&amp;db_id=6298&amp;comment_code=c72&amp;element=Mg&amp;spectr_charge=1&amp;ref=6298&amp;type=,
,5 380.86,,4.97e+02,E,58 442.843,-,60 301.283,3s6d,3D,3,3s9f,3F°,2,,https://physics.nist.gov/cgi-bin/ASBib1/get_ASBib_ref.cgi?db=tp&amp;db_id=6298&amp;comment_code=c72&amp;element=Mg&amp;spectr_charge=1&amp;ref=6298&amp;type=,
,5 380.89,,1.76e+04,C,58 442.853,-,60 301.283,3s6d,3D,2,3s9f,3F°,2,,https://physics.nist.gov/cgi-bin/ASBib1/get_ASBib_ref.cgi?db=tp&amp;db_id=6298&amp;comment_code=c72&amp;element=Mg&amp;spectr_charge=1&amp;ref=6298&amp;type=,
,5 380.89,,1.01e+05,C+,58 442.853,-,60 301.283,3s6d,3D,2,3s9f,3F°,3,,https://physics.nist.gov/cgi-bin/ASBib1/get_ASBib_ref.cgi?db=tp&amp;db_id=6298&amp;comment_code=c72&amp;element=Mg&amp;spectr_charge=1&amp;ref=6298&amp;type=,
,5 380.95,,9.51e+04,C+,58 442.874,-,60 301.283,3s6d,3D,1,3s9f,3F°,2,,https://physics.nist.gov/cgi-bin/ASBib1/get_ASBib_ref.cgi?db=tp&amp;db_id=6298&amp;comment_code=c72&amp;element=Mg&amp;spectr_charge=1&amp;ref=6298&amp;type=,
,5 439.1,,2.61e+05,C,57 214.992,-,59 053.52,3s6p,1P°,1,3s8s,1S,0,,https://physics.nist.gov/cgi-bin/ASBib1/get_ASBib_ref.cgi?db=tp&amp;db_id=6298&amp;comment_code=c72&amp;element=Mg&amp;spectr_charge=1&amp;ref=6298&amp;type=,
,5 444.08,,7.53e+04,C+,57 204.163,-,59 041.019,3s5f,1F°,3,3s7d,1D,2,,https://physics.nist.gov/cgi-bin/ASBib1/get_ASBib_ref.cgi?db=tp&amp;db_id=6298&amp;comment_code=c72&amp;element=Mg&amp;spectr_charge=1&amp;ref=6298&amp;type=,
,5 476.4,,3.30e+04,C,57 214.992,-,59 041.019,3s6p,1P°,1,3s7d,1D,2,,https://physics.nist.gov/cgi-bin/ASBib1/get_ASBib_ref.cgi?db=tp&amp;db_id=6298&amp;comment_code=c72&amp;element=Mg&amp;spectr_charge=1&amp;ref=6298&amp;type=,
,5 596.3,,5.35e+04,C,58 476.689,-,60 263.583,3s7p,3P°,0,3s9d,3D,1,,https://physics.nist.gov/cgi-bin/ASBib1/get_ASBib_ref.cgi?db=tp&amp;db_id=6298&amp;comment_code=c72&amp;element=Mg&amp;spectr_charge=1&amp;ref=6298&amp;type=,
,5 597.3,,4.00e+04,C,58 477.020,-,60 263.583,3s7p,3P°,1,3s9d,3D,1,,https://physics.nist.gov/cgi-bin/ASBib1/get_ASBib_ref.cgi?db=tp&amp;db_id=6298&amp;comment_code=c72&amp;element=Mg&amp;spectr_charge=1&amp;ref=6298&amp;type=,
,5 597.3,,7.22e+04,C+,58 477.020,-,60 263.583,3s7p,3P°,1,3s9d,3D,2,,https://physics.nist.gov/cgi-bin/ASBib1/get_ASBib_ref.cgi?db=tp&amp;db_id=6298&amp;comment_code=c72&amp;element=Mg&amp;spectr_charge=1&amp;ref=6298&amp;type=,
,5 599.7,,2.40e+04,C,58 477.760,-,60 263.583,3s7p,3P°,2,3s9d,3D,2,,https://physics.nist.gov/cgi-bin/ASBib1/get_ASBib_ref.cgi?db=tp&amp;db_id=6298&amp;comment_code=c72&amp;element=Mg&amp;spectr_charge=1&amp;ref=6298&amp;type=,
,5 599.7,,9.60e+04,C+,58 477.760,-,60 263.583,3s7p,3P°,2,3s9d,3D,3,,https://physics.nist.gov/cgi-bin/ASBib1/get_ASBib_ref.cgi?db=tp&amp;db_id=6298&amp;comment_code=c72&amp;element=Mg&amp;spectr_charge=1&amp;ref=6298&amp;type=,
,5 599.7,,2.67e+03,D,58 477.760,-,60 263.583,3s7p,3P°,2,3s9d,3D,1,,https://physics.nist.gov/cgi-bin/ASBib1/get_ASBib_ref.cgi?db=tp&amp;db_id=6298&amp;comment_code=c72&amp;element=Mg&amp;spectr_charge=1&amp;ref=6298&amp;type=,
,5 915.5,,2.27e+02,E,58 610.795,-,60 301.283,3s6g,3G,4,3s9f,3F°,4,,https://physics.nist.gov/cgi-bin/ASBib1/get_ASBib_ref.cgi?db=tp&amp;db_id=6298&amp;comment_code=c72&amp;element=Mg&amp;spectr_charge=1&amp;ref=6298&amp;type=,
,5 915.5,,4.66e+03,D+,58 610.795,-,60 301.283,3s6g,1G,4,3s9f,1F°,3,,https://physics.nist.gov/cgi-bin/ASBib1/get_ASBib_ref.cgi?db=tp&amp;db_id=6298&amp;comment_code=c72&amp;element=Mg&amp;spectr_charge=1&amp;ref=6298&amp;type=,
,5 915.5,,4.36e+03,D+,58 610.795,-,60 301.283,3s6g,3G,4,3s9f,3F°,3,,https://physics.nist.gov/cgi-bin/ASBib1/get_ASBib_ref.cgi?db=tp&amp;db_id=6298&amp;comment_code=c72&amp;element=Mg&amp;spectr_charge=1&amp;ref=6298&amp;type=,
,5 915.5,,2.92e+02,E,58 610.795,-,60 301.283,3s6g,3G,3,3s9f,3F°,3,,https://physics.nist.gov/cgi-bin/ASBib1/get_ASBib_ref.cgi?db=tp&amp;db_id=6298&amp;comment_code=c72&amp;element=Mg&amp;spectr_charge=1&amp;ref=6298&amp;type=,
,5 915.5,,4.43e+03,D+,58 610.795,-,60 301.283,3s6g,3G,5,3s9f,3F°,4,,https://physics.nist.gov/cgi-bin/ASBib1/get_ASBib_ref.cgi?db=tp&amp;db_id=6298&amp;comment_code=c72&amp;element=Mg&amp;spectr_charge=1&amp;ref=6298&amp;type=,
,5 915.5,,4.67e+03,D+,58 610.795,-,60 301.283,3s6g,3G,3,3s9f,3F°,2,,https://physics.nist.gov/cgi-bin/ASBib1/get_ASBib_ref.cgi?db=tp&amp;db_id=6298&amp;comment_code=c72&amp;element=Mg&amp;spectr_charge=1&amp;ref=6298&amp;type=,
,5 915.5,,3.45e+00,E,58 610.795,-,60 301.283,3s6g,3G,3,3s9f,3F°,4,,https://physics.nist.gov/cgi-bin/ASBib1/get_ASBib_ref.cgi?db=tp&amp;db_id=6298&amp;comment_code=c72&amp;element=Mg&amp;spectr_charge=1&amp;ref=6298&amp;type=,
,5 924.0,,1.74e+04,C,58 575.527,-,60 263.583,3s6f,3F°,3,3s9d,3D,2,,https://physics.nist.gov/cgi-bin/ASBib1/get_ASBib_ref.cgi?db=tp&amp;db_id=6298&amp;comment_code=c72&amp;element=Mg&amp;spectr_charge=1&amp;ref=6298&amp;type=,
,5 924.0,,2.19e+03,D,58 575.527,-,60 263.583,3s6f,3F°,2,3s9d,3D,2,,https://physics.nist.gov/cgi-bin/ASBib1/get_ASBib_ref.cgi?db=tp&amp;db_id=6298&amp;comment_code=c72&amp;element=Mg&amp;spectr_charge=1&amp;ref=6298&amp;type=,
,5 924.0,,1.56e+03,D,58 575.527,-,60 263.583,3s6f,3F°,3,3s9d,3D,3,,https://physics.nist.gov/cgi-bin/ASBib1/get_ASBib_ref.cgi?db=tp&amp;db_id=6298&amp;comment_code=c72&amp;element=Mg&amp;spectr_charge=1&amp;ref=6298&amp;type=,
,5 924.0,,1.80e+04,C,58 575.527,-,60 263.583,3s6f,3F°,4,3s9d,3D,3,,https://physics.nist.gov/cgi-bin/ASBib1/get_ASBib_ref.cgi?db=tp&amp;db_id=6298&amp;comment_code=c72&amp;element=Mg&amp;spectr_charge=1&amp;ref=6298&amp;type=,
,5 924.0,,4.40e+01,E,58 575.527,-,60 263.583,3s6f,3F°,2,3s9d,3D,3,,https://physics.nist.gov/cgi-bin/ASBib1/get_ASBib_ref.cgi?db=tp&amp;db_id=6298&amp;comment_code=c72&amp;element=Mg&amp;spectr_charge=1&amp;ref=6298&amp;type=,
,5 924.0,,1.96e+04,C,58 575.527,-,60 263.583,3s6f,3F°,2,3s9d,3D,1,,https://physics.nist.gov/cgi-bin/ASBib1/get_ASBib_ref.cgi?db=tp&amp;db_id=6298&amp;comment_code=c72&amp;element=Mg&amp;spectr_charge=1&amp;ref=6298&amp;type=,
,6 086.5,,2.49e+05,B+,54 248.809,-,55 891.80,3s5p,3P°,0,3s6s,3S,1,,https://physics.nist.gov/cgi-bin/ASBib1/get_ASBib_ref.cgi?db=tp&amp;db_id=6298&amp;comment_code=c72&amp;element=Mg&amp;spectr_charge=1&amp;ref=6298&amp;type=,
,6 091.2,,7.44e+05,B+,54 250.086,-,55 891.80,3s5p,3P°,1,3s6s,3S,1,,https://physics.nist.gov/cgi-bin/ASBib1/get_ASBib_ref.cgi?db=tp&amp;db_id=6298&amp;comment_code=c72&amp;element=Mg&amp;spectr_charge=1&amp;ref=6298&amp;type=,
,6 101.0,,1.24e+06,B+,54 252.726,-,55 891.80,3s5p,3P°,2,3s6s,3S,1,,https://physics.nist.gov/cgi-bin/ASBib1/get_ASBib_ref.cgi?db=tp&amp;db_id=6298&amp;comment_code=c72&amp;element=Mg&amp;spectr_charge=1&amp;ref=6298&amp;type=,
,6 127.7,,3.28e+05,A,54 676.438,-,56 308.381,3s4f,1F°,3,3s5d,1D,2,,https://physics.nist.gov/cgi-bin/ASBib1/get_ASBib_ref.cgi?db=tp&amp;db_id=5539&amp;comment_code=&amp;element=Mg&amp;spectr_charge=1&amp;ref=5539&amp;type=,
,6 145.1,,8.60e+03,D+,58 476.689,-,60 104.00,3s7p,3P°,0,3s10s,3S,1,,https://physics.nist.gov/cgi-bin/ASBib1/get_ASBib_ref.cgi?db=tp&amp;db_id=6298&amp;comment_code=c72&amp;element=Mg&amp;spectr_charge=1&amp;ref=6298&amp;type=,
,6 146.4,,2.58e+04,C,58 477.020,-,60 104.00,3s7p,3P°,1,3s10s,3S,1,,https://physics.nist.gov/cgi-bin/ASBib1/get_ASBib_ref.cgi?db=tp&amp;db_id=6298&amp;comment_code=c72&amp;element=Mg&amp;spectr_charge=1&amp;ref=6298&amp;type=,
,6 149.2,,4.29e+04,C,58 477.760,-,60 104.00,3s7p,3P°,2,3s10s,3S,1,,https://physics.nist.gov/cgi-bin/ASBib1/get_ASBib_ref.cgi?db=tp&amp;db_id=6298&amp;comment_code=c72&amp;element=Mg&amp;spectr_charge=1&amp;ref=6298&amp;type=,
,6 221.6,,6.10e+05,B+,56 968.218,-,58 575.527,3s5d,3D,3,3s6f,3F°,4,,https://physics.nist.gov/cgi-bin/ASBib1/get_ASBib_ref.cgi?db=tp&amp;db_id=6298&amp;comment_code=c72&amp;element=Mg&amp;spectr_charge=1&amp;ref=6298&amp;type=,
,6 221.6,,2.68e+03,C,56 968.218,-,58 575.527,3s5d,3D,3,3s6f,3F°,2,,https://physics.nist.gov/cgi-bin/ASBib1/get_ASBib_ref.cgi?db=tp&amp;db_id=6298&amp;comment_code=c72&amp;element=Mg&amp;spectr_charge=1&amp;ref=6298&amp;type=,
,6 221.6,,6.79e+04,B+,56 968.218,-,58 575.527,3s5d,3D,3,3s6f,3F°,3,,https://physics.nist.gov/cgi-bin/ASBib1/get_ASBib_ref.cgi?db=tp&amp;db_id=6298&amp;comment_code=c72&amp;element=Mg&amp;spectr_charge=1&amp;ref=6298&amp;type=,
,6 221.7,,9.51e+04,B+,56 968.248,-,58 575.527,3s5d,3D,2,3s6f,3F°,2,,https://physics.nist.gov/cgi-bin/ASBib1/get_ASBib_ref.cgi?db=tp&amp;db_id=6298&amp;comment_code=c72&amp;element=Mg&amp;spectr_charge=1&amp;ref=6298&amp;type=,
,6 221.7,,5.42e+05,B+,56 968.248,-,58 575.527,3s5d,3D,2,3s6f,3F°,3,,https://physics.nist.gov/cgi-bin/ASBib1/get_ASBib_ref.cgi?db=tp&amp;db_id=6298&amp;comment_code=c72&amp;element=Mg&amp;spectr_charge=1&amp;ref=6298&amp;type=,
,6 221.8,,5.13e+05,B+,56 968.271,-,58 575.527,3s5d,3D,1,3s6f,3F°,2,,https://physics.nist.gov/cgi-bin/ASBib1/get_ASBib_ref.cgi?db=tp&amp;db_id=6298&amp;comment_code=c72&amp;element=Mg&amp;spectr_charge=1&amp;ref=6298&amp;type=,
,6 242.8,,1.39e+06,A,54 706.536,-,56 308.381,3s5p,1P°,1,3s5d,1D,2,,https://physics.nist.gov/cgi-bin/ASBib1/get_ASBib_ref.cgi?db=tp&amp;db_id=5539&amp;comment_code=&amp;element=Mg&amp;spectr_charge=1&amp;ref=5539&amp;type=,
,6 361.8,,7.80e+05,A,53 134.642,-,54 706.536,3s4d,1D,2,3s5p,1P°,1,,https://physics.nist.gov/cgi-bin/ASBib1/get_ASBib_ref.cgi?db=tp&amp;db_id=5539&amp;comment_code=&amp;element=Mg&amp;spectr_charge=1&amp;ref=5539&amp;type=,
,6 398.0,,7.28e+04,C,58 580.23,-,60 143.23,3s7p,1P°,1,3s10s,1S,0,,https://physics.nist.gov/cgi-bin/ASBib1/get_ASBib_ref.cgi?db=tp&amp;db_id=6298&amp;comment_code=c72&amp;element=Mg&amp;spectr_charge=1&amp;ref=6298&amp;type=,
,6 435.09,,3.76e-08,D+,46 403.065,-,47 957.045,3s3d,1D,2,3s3d,3D,3,M1,https://physics.nist.gov/cgi-bin/ASBib1/get_ASBib_ref.cgi?db=tp&amp;db_id=&amp;comment_code=c43&amp;element=Mg&amp;spectr_charge=1&amp;ref=&amp;type=M1,
,6 435.04,,8.47e-08,D+,46 403.065,-,47 957.058,3s3d,1D,2,3s3d,3D,1,M1,https://physics.nist.gov/cgi-bin/ASBib1/get_ASBib_ref.cgi?db=tp&amp;db_id=&amp;comment_code=c43&amp;element=Mg&amp;spectr_charge=1&amp;ref=&amp;type=M1,
,6 435.09,,3.78e-10,C,46 403.065,-,47 957.045,3s3d,1D,2,3s3d,3D,3,E2,https://physics.nist.gov/cgi-bin/ASBib1/get_ASBib_ref.cgi?db=tp&amp;db_id=&amp;comment_code=c43&amp;element=Mg&amp;spectr_charge=1&amp;ref=&amp;type=E2,
,6 435.04,,7.19e-10,C,46 403.065,-,47 957.058,3s3d,1D,2,3s3d,3D,1,E2,https://physics.nist.gov/cgi-bin/ASBib1/get_ASBib_ref.cgi?db=tp&amp;db_id=&amp;comment_code=c43&amp;element=Mg&amp;spectr_charge=1&amp;ref=&amp;type=E2,
,6 435.2,,9.42e-09,D,46 403.065,-,47 957.027,3s3d,1D,2,3s3d,3D,2,M1,https://physics.nist.gov/cgi-bin/ASBib1/get_ASBib_ref.cgi?db=tp&amp;db_id=&amp;comment_code=c43&amp;element=Mg&amp;spectr_charge=1&amp;ref=&amp;type=M1,
,6 435.2,,2.50e-10,C,46 403.065,-,47 957.027,3s3d,1D,2,3s3d,3D,2,E2,https://physics.nist.gov/cgi-bin/ASBib1/get_ASBib_ref.cgi?db=tp&amp;db_id=&amp;comment_code=c43&amp;element=Mg&amp;spectr_charge=1&amp;ref=&amp;type=E2,
,6 444.3,,2.29e+04,C,58 575.477,-,60 127.239,3s6f,1F°,3,3s9d,1D,2,,https://physics.nist.gov/cgi-bin/ASBib1/get_ASBib_ref.cgi?db=tp&amp;db_id=6298&amp;comment_code=c72&amp;element=Mg&amp;spectr_charge=1&amp;ref=6298&amp;type=,
,6 464.1,,3.37e+03,D+,58 580.23,-,60 127.239,3s7p,1P°,1,3s9d,1D,2,,https://physics.nist.gov/cgi-bin/ASBib1/get_ASBib_ref.cgi?db=tp&amp;db_id=6298&amp;comment_code=c72&amp;element=Mg&amp;spectr_charge=1&amp;ref=6298&amp;type=,
,6 485.9,,7.43e+05,A,53 134.642,-,54 676.438,3s4d,1D,2,3s4f,1F°,3,,https://physics.nist.gov/cgi-bin/ASBib1/get_ASBib_ref.cgi?db=tp&amp;db_id=5539&amp;comment_code=&amp;element=Mg&amp;spectr_charge=1&amp;ref=5539&amp;type=,
,6 568.9,,1.91e+04,C,59 041.019,-,60 563.35,3s7d,1D,2,3s11p,1P°,1,,https://physics.nist.gov/cgi-bin/ASBib1/get_ASBib_ref.cgi?db=tp&amp;db_id=6298&amp;comment_code=c72&amp;element=Mg&amp;spectr_charge=1&amp;ref=6298&amp;type=,
,6 623.3,,4.86e+03,D+,59 053.52,-,60 563.35,3s8s,1S,0,3s11p,1P°,1,,https://physics.nist.gov/cgi-bin/ASBib1/get_ASBib_ref.cgi?db=tp&amp;db_id=6298&amp;comment_code=c72&amp;element=Mg&amp;spectr_charge=1&amp;ref=6298&amp;type=,
,6 624.5,,7.24e+04,C+,56 968.218,-,58 477.760,3s5d,3D,3,3s7p,3P°,2,,https://physics.nist.gov/cgi-bin/ASBib1/get_ASBib_ref.cgi?db=tp&amp;db_id=6298&amp;comment_code=c72&amp;element=Mg&amp;spectr_charge=1&amp;ref=6298&amp;type=,
,6 624.7,,1.29e+04,C,56 968.248,-,58 477.760,3s5d,3D,2,3s7p,3P°,2,,https://physics.nist.gov/cgi-bin/ASBib1/get_ASBib_ref.cgi?db=tp&amp;db_id=6298&amp;comment_code=c72&amp;element=Mg&amp;spectr_charge=1&amp;ref=6298&amp;type=,
,6 624.8,,8.62e+02,D,56 968.271,-,58 477.760,3s5d,3D,1,3s7p,3P°,2,,https://physics.nist.gov/cgi-bin/ASBib1/get_ASBib_ref.cgi?db=tp&amp;db_id=6298&amp;comment_code=c72&amp;element=Mg&amp;spectr_charge=1&amp;ref=6298&amp;type=,
,6 627.9,,6.45e+04,C+,56 968.248,-,58 477.020,3s5d,3D,2,3s7p,3P°,1,,https://physics.nist.gov/cgi-bin/ASBib1/get_ASBib_ref.cgi?db=tp&amp;db_id=6298&amp;comment_code=c72&amp;element=Mg&amp;spectr_charge=1&amp;ref=6298&amp;type=,
,6 628.01,,2.16e+04,C,56 968.271,-,58 477.020,3s5d,3D,1,3s7p,3P°,1,,https://physics.nist.gov/cgi-bin/ASBib1/get_ASBib_ref.cgi?db=tp&amp;db_id=6298&amp;comment_code=c72&amp;element=Mg&amp;spectr_charge=1&amp;ref=6298&amp;type=,
,6 629.5,,8.61e+04,C,56 968.271,-,58 476.689,3s5d,3D,1,3s7p,3P°,0,,https://physics.nist.gov/cgi-bin/ASBib1/get_ASBib_ref.cgi?db=tp&amp;db_id=6298&amp;comment_code=c72&amp;element=Mg&amp;spectr_charge=1&amp;ref=6298&amp;type=,
,6 641.8,,7.55e-07,D+,47 841.119,-,49 346.729,3s4p,3P°,0,3s4p,1P°,1,M1,https://physics.nist.gov/cgi-bin/ASBib1/get_ASBib_ref.cgi?db=tp&amp;db_id=&amp;comment_code=c43&amp;element=Mg&amp;spectr_charge=1&amp;ref=&amp;type=M1,
,6 656.4,,2.40e-07,B,47 844.414,-,49 346.729,3s4p,3P°,1,3s4p,1P°,1,E2,https://physics.nist.gov/cgi-bin/ASBib1/get_ASBib_ref.cgi?db=tp&amp;db_id=&amp;comment_code=c43&amp;element=Mg&amp;spectr_charge=1&amp;ref=&amp;type=E2,
,6 656.4,,5.63e-07,D+,47 844.414,-,49 346.729,3s4p,3P°,1,3s4p,1P°,1,M1,https://physics.nist.gov/cgi-bin/ASBib1/get_ASBib_ref.cgi?db=tp&amp;db_id=&amp;comment_code=c43&amp;element=Mg&amp;spectr_charge=1&amp;ref=&amp;type=M1,
,6 686.4,,9.26e-07,D+,47 851.162,-,49 346.729,3s4p,3P°,2,3s4p,1P°,1,M1,https://physics.nist.gov/cgi-bin/ASBib1/get_ASBib_ref.cgi?db=tp&amp;db_id=&amp;comment_code=c43&amp;element=Mg&amp;spectr_charge=1&amp;ref=&amp;type=M1,
,6 686.4,,8.53e-08,B,47 851.162,-,49 346.729,3s4p,3P°,2,3s4p,1P°,1,E2,https://physics.nist.gov/cgi-bin/ASBib1/get_ASBib_ref.cgi?db=tp&amp;db_id=&amp;comment_code=c43&amp;element=Mg&amp;spectr_charge=1&amp;ref=&amp;type=E2,
,6 700.05,,6.76e+02,E,58 442.843,-,59 935.370,3s6d,3D,3,3s8f,3F°,2,,https://physics.nist.gov/cgi-bin/ASBib1/get_ASBib_ref.cgi?db=tp&amp;db_id=6298&amp;comment_code=c72&amp;element=Mg&amp;spectr_charge=1&amp;ref=6298&amp;type=,
,6 700.05,,1.54e+05,B,58 442.843,-,59 935.370,3s6d,3D,3,3s8f,3F°,4,,https://physics.nist.gov/cgi-bin/ASBib1/get_ASBib_ref.cgi?db=tp&amp;db_id=6298&amp;comment_code=c72&amp;element=Mg&amp;spectr_charge=1&amp;ref=6298&amp;type=,
,6 700.05,,1.71e+04,C,58 442.843,-,59 935.370,3s6d,3D,3,3s8f,3F°,3,,https://physics.nist.gov/cgi-bin/ASBib1/get_ASBib_ref.cgi?db=tp&amp;db_id=6298&amp;comment_code=c72&amp;element=Mg&amp;spectr_charge=1&amp;ref=6298&amp;type=,
,6 700.09,,1.37e+05,B,58 442.853,-,59 935.370,3s6d,3D,2,3s8f,3F°,3,,https://physics.nist.gov/cgi-bin/ASBib1/get_ASBib_ref.cgi?db=tp&amp;db_id=6298&amp;comment_code=c72&amp;element=Mg&amp;spectr_charge=1&amp;ref=6298&amp;type=,
,6 700.09,,2.41e+04,C,58 442.853,-,59 935.370,3s6d,3D,2,3s8f,3F°,2,,https://physics.nist.gov/cgi-bin/ASBib1/get_ASBib_ref.cgi?db=tp&amp;db_id=6298&amp;comment_code=c72&amp;element=Mg&amp;spectr_charge=1&amp;ref=6298&amp;type=,
,6 700.19,,1.29e+05,B,58 442.874,-,59 935.370,3s6d,3D,1,3s8f,3F°,2,,https://physics.nist.gov/cgi-bin/ASBib1/get_ASBib_ref.cgi?db=tp&amp;db_id=6298&amp;comment_code=c72&amp;element=Mg&amp;spectr_charge=1&amp;ref=6298&amp;type=,
,6 723.6,,5.13e+04,C+,57 855.214,-,59 342.51,3s7s,3S,1,3s8p,3P°,1,,https://physics.nist.gov/cgi-bin/ASBib1/get_ASBib_ref.cgi?db=tp&amp;db_id=6298&amp;comment_code=c72&amp;element=Mg&amp;spectr_charge=1&amp;ref=6298&amp;type=,
,6 723.6,,5.14e+04,C+,57 855.214,-,59 342.51,3s7s,3S,1,3s8p,3P°,2,,https://physics.nist.gov/cgi-bin/ASBib1/get_ASBib_ref.cgi?db=tp&amp;db_id=6298&amp;comment_code=c72&amp;element=Mg&amp;spectr_charge=1&amp;ref=6298&amp;type=,
,6 723.6,,5.13e+04,C,57 855.214,-,59 342.51,3s7s,3S,1,3s8p,3P°,0,,https://physics.nist.gov/cgi-bin/ASBib1/get_ASBib_ref.cgi?db=tp&amp;db_id=6298&amp;comment_code=c72&amp;element=Mg&amp;spectr_charge=1&amp;ref=6298&amp;type=,
,6 755.2,,1.88e+06,A,54 706.536,-,56 186.873,3s5p,1P°,1,3s6s,1S,0,,https://physics.nist.gov/cgi-bin/ASBib1/get_ASBib_ref.cgi?db=tp&amp;db_id=5539&amp;comment_code=&amp;element=Mg&amp;spectr_charge=1&amp;ref=5539&amp;type=,
,6 872.8,,2.17e+04,C,58 442.843,-,59 897.86,3s6d,3D,3,3s9p,3P°,2,,https://physics.nist.gov/cgi-bin/ASBib1/get_ASBib_ref.cgi?db=tp&amp;db_id=6298&amp;comment_code=c72&amp;element=Mg&amp;spectr_charge=1&amp;ref=6298&amp;type=,
,6 872.8,,1.95e+04,C,58 442.853,-,59 897.86,3s6d,3D,2,3s9p,3P°,1,,https://physics.nist.gov/cgi-bin/ASBib1/get_ASBib_ref.cgi?db=tp&amp;db_id=6298&amp;comment_code=c72&amp;element=Mg&amp;spectr_charge=1&amp;ref=6298&amp;type=,
,6 872.8,,3.90e+03,D+,58 442.853,-,59 897.86,3s6d,3D,2,3s9p,3P°,2,,https://physics.nist.gov/cgi-bin/ASBib1/get_ASBib_ref.cgi?db=tp&amp;db_id=6298&amp;comment_code=c72&amp;element=Mg&amp;spectr_charge=1&amp;ref=6298&amp;type=,
,6 872.9,,2.60e+02,E,58 442.874,-,59 897.86,3s6d,3D,1,3s9p,3P°,2,,https://physics.nist.gov/cgi-bin/ASBib1/get_ASBib_ref.cgi?db=tp&amp;db_id=6298&amp;comment_code=c72&amp;element=Mg&amp;spectr_charge=1&amp;ref=6298&amp;type=,
,6 872.9,,6.50e+03,D+,58 442.874,-,59 897.86,3s6d,3D,1,3s9p,3P°,1,,https://physics.nist.gov/cgi-bin/ASBib1/get_ASBib_ref.cgi?db=tp&amp;db_id=6298&amp;comment_code=c72&amp;element=Mg&amp;spectr_charge=1&amp;ref=6298&amp;type=,
,6 872.9,,2.60e+04,D+,58 442.874,-,59 897.86,3s6d,3D,1,3s9p,3P°,0,,https://physics.nist.gov/cgi-bin/ASBib1/get_ASBib_ref.cgi?db=tp&amp;db_id=6298&amp;comment_code=c72&amp;element=Mg&amp;spectr_charge=1&amp;ref=6298&amp;type=,
,6 905.6,,3.97e-10,B+,46 403.065,-,47 851.162,3s3d,1D,2,3s4p,3P°,2,M2,https://physics.nist.gov/cgi-bin/ASBib1/get_ASBib_ref.cgi?db=tp&amp;db_id=&amp;comment_code=c43&amp;element=Mg&amp;spectr_charge=1&amp;ref=&amp;type=M2,
,6 937.9,,8.22e-10,B+,46 403.065,-,47 844.414,3s3d,1D,2,3s4p,3P°,1,M2,https://physics.nist.gov/cgi-bin/ASBib1/get_ASBib_ref.cgi?db=tp&amp;db_id=&amp;comment_code=c43&amp;element=Mg&amp;spectr_charge=1&amp;ref=&amp;type=M2,
,6 953.8,,1.09e-09,B,46 403.065,-,47 841.119,3s3d,1D,2,3s4p,3P°,0,M2,https://physics.nist.gov/cgi-bin/ASBib1/get_ASBib_ref.cgi?db=tp&amp;db_id=&amp;comment_code=c43&amp;element=Mg&amp;spectr_charge=1&amp;ref=&amp;type=M2,
,7 013.63,,3.09e+05,B+,57 017.078,-,58 442.874,3s6p,3P°,0,3s6d,3D,1,,https://physics.nist.gov/cgi-bin/ASBib1/get_ASBib_ref.cgi?db=tp&amp;db_id=6298&amp;comment_code=c72&amp;element=Mg&amp;spectr_charge=1&amp;ref=6298&amp;type=,
,7 016.81,,2.32e+05,B+,57 017.724,-,58 442.874,3s6p,3P°,1,3s6d,3D,1,,https://physics.nist.gov/cgi-bin/ASBib1/get_ASBib_ref.cgi?db=tp&amp;db_id=6298&amp;comment_code=c72&amp;element=Mg&amp;spectr_charge=1&amp;ref=6298&amp;type=,
,7 016.91,,4.17e+05,B+,57 017.724,-,58 442.853,3s6p,3P°,1,3s6d,3D,2,,https://physics.nist.gov/cgi-bin/ASBib1/get_ASBib_ref.cgi?db=tp&amp;db_id=6298&amp;comment_code=c72&amp;element=Mg&amp;spectr_charge=1&amp;ref=6298&amp;type=,
,7 023.22,,1.54e+04,C+,57 019.025,-,58 442.874,3s6p,3P°,2,3s6d,3D,1,,https://physics.nist.gov/cgi-bin/ASBib1/get_ASBib_ref.cgi?db=tp&amp;db_id=6298&amp;comment_code=c72&amp;element=Mg&amp;spectr_charge=1&amp;ref=6298&amp;type=,
,7 023.32,,1.38e+05,B+,57 019.025,-,58 442.853,3s6p,3P°,2,3s6d,3D,2,,https://physics.nist.gov/cgi-bin/ASBib1/get_ASBib_ref.cgi?db=tp&amp;db_id=6298&amp;comment_code=c72&amp;element=Mg&amp;spectr_charge=1&amp;ref=6298&amp;type=,
,7 023.37,,5.54e+05,B+,57 019.025,-,58 442.843,3s6p,3P°,2,3s6d,3D,3,,https://physics.nist.gov/cgi-bin/ASBib1/get_ASBib_ref.cgi?db=tp&amp;db_id=6298&amp;comment_code=c72&amp;element=Mg&amp;spectr_charge=1&amp;ref=6298&amp;type=,
,7 109.2,,1.08e+06,B+,57 204.163,-,58 610.795,3s5f,1F°,3,3s6g,1G,4,,https://physics.nist.gov/cgi-bin/ASBib1/get_ASBib_ref.cgi?db=tp&amp;db_id=6298&amp;comment_code=c72&amp;element=Mg&amp;spectr_charge=1&amp;ref=6298&amp;type=,
,7 109.5,,9.99e+05,B+,57 204.228,-,58 610.795,3s5f,3F°,2,3s6g,3G,3,,https://physics.nist.gov/cgi-bin/ASBib1/get_ASBib_ref.cgi?db=tp&amp;db_id=6298&amp;comment_code=c72&amp;element=Mg&amp;spectr_charge=1&amp;ref=6298&amp;type=,
,7 109.7,,8.71e+04,B+,57 204.267,-,58 610.795,3s5f,3F°,3,3s6g,3G,3,,https://physics.nist.gov/cgi-bin/ASBib1/get_ASBib_ref.cgi?db=tp&amp;db_id=6298&amp;comment_code=c72&amp;element=Mg&amp;spectr_charge=1&amp;ref=6298&amp;type=,
,7 109.7,,1.01e+06,B+,57 204.267,-,58 610.795,3s5f,3F°,3,3s6g,3G,4,,https://physics.nist.gov/cgi-bin/ASBib1/get_ASBib_ref.cgi?db=tp&amp;db_id=6298&amp;comment_code=c72&amp;element=Mg&amp;spectr_charge=1&amp;ref=6298&amp;type=,
,7 109.9,,6.77e+04,B+,57 204.305,-,58 610.795,3s5f,3F°,4,3s6g,3G,4,,https://physics.nist.gov/cgi-bin/ASBib1/get_ASBib_ref.cgi?db=tp&amp;db_id=6298&amp;comment_code=c72&amp;element=Mg&amp;spectr_charge=1&amp;ref=6298&amp;type=,
,7 109.9,,1.08e+06,B+,57 204.305,-,58 610.795,3s5f,3F°,4,3s6g,3G,5,,https://physics.nist.gov/cgi-bin/ASBib1/get_ASBib_ref.cgi?db=tp&amp;db_id=6298&amp;comment_code=c72&amp;element=Mg&amp;spectr_charge=1&amp;ref=6298&amp;type=,
,7 109.9,,1.33e+03,C,57 204.305,-,58 610.795,3s5f,3F°,4,3s6g,3G,3,,https://physics.nist.gov/cgi-bin/ASBib1/get_ASBib_ref.cgi?db=tp&amp;db_id=6298&amp;comment_code=c72&amp;element=Mg&amp;spectr_charge=1&amp;ref=6298&amp;type=,
,7 119.9,,7.76e+04,C+,58 476.689,-,59 881.196,3s7p,3P°,0,3s8d,3D,1,,https://physics.nist.gov/cgi-bin/ASBib1/get_ASBib_ref.cgi?db=tp&amp;db_id=6298&amp;comment_code=c72&amp;element=Mg&amp;spectr_charge=1&amp;ref=6298&amp;type=,
,7 121.7,,1.05e+05,B,58 477.020,-,59 881.181,3s7p,3P°,1,3s8d,3D,2,,https://physics.nist.gov/cgi-bin/ASBib1/get_ASBib_ref.cgi?db=tp&amp;db_id=6298&amp;comment_code=c72&amp;element=Mg&amp;spectr_charge=1&amp;ref=6298&amp;type=,
,7 121.6,,5.81e+04,C+,58 477.020,-,59 881.196,3s7p,3P°,1,3s8d,3D,1,,https://physics.nist.gov/cgi-bin/ASBib1/get_ASBib_ref.cgi?db=tp&amp;db_id=6298&amp;comment_code=c72&amp;element=Mg&amp;spectr_charge=1&amp;ref=6298&amp;type=,
,7 125.4,,3.88e+03,D+,58 477.760,-,59 881.196,3s7p,3P°,2,3s8d,3D,1,,https://physics.nist.gov/cgi-bin/ASBib1/get_ASBib_ref.cgi?db=tp&amp;db_id=6298&amp;comment_code=c72&amp;element=Mg&amp;spectr_charge=1&amp;ref=6298&amp;type=,
,7 125.4,,3.48e+04,C+,58 477.760,-,59 881.181,3s7p,3P°,2,3s8d,3D,2,,https://physics.nist.gov/cgi-bin/ASBib1/get_ASBib_ref.cgi?db=tp&amp;db_id=6298&amp;comment_code=c72&amp;element=Mg&amp;spectr_charge=1&amp;ref=6298&amp;type=,
,7 125.5,,1.40e+05,B,58 477.760,-,59 881.168,3s7p,3P°,2,3s8d,3D,3,,https://physics.nist.gov/cgi-bin/ASBib1/get_ASBib_ref.cgi?db=tp&amp;db_id=6298&amp;comment_code=c72&amp;element=Mg&amp;spectr_charge=1&amp;ref=6298&amp;type=,
,7 174.8,,4.03e+04,C+,58 009.41,-,59 403.18,3s7s,1S,0,3s8p,1P°,1,,https://physics.nist.gov/cgi-bin/ASBib1/get_ASBib_ref.cgi?db=tp&amp;db_id=6298&amp;comment_code=c72&amp;element=Mg&amp;spectr_charge=1&amp;ref=6298&amp;type=,
,7 195.8,,6.83e-10,B+,47 957.027,-,49 346.729,3s3d,3D,2,3s4p,1P°,1,M2,https://physics.nist.gov/cgi-bin/ASBib1/get_ASBib_ref.cgi?db=tp&amp;db_id=&amp;comment_code=c43&amp;element=Mg&amp;spectr_charge=1&amp;ref=&amp;type=M2,
,7 195.9,,3.76e-09,B+,47 957.045,-,49 346.729,3s3d,3D,3,3s4p,1P°,1,M2,https://physics.nist.gov/cgi-bin/ASBib1/get_ASBib_ref.cgi?db=tp&amp;db_id=&amp;comment_code=c43&amp;element=Mg&amp;spectr_charge=1&amp;ref=&amp;type=M2,
,7 195.9,,4.44e-11,B,47 957.058,-,49 346.729,3s3d,3D,1,3s4p,1P°,1,M2,https://physics.nist.gov/cgi-bin/ASBib1/get_ASBib_ref.cgi?db=tp&amp;db_id=&amp;comment_code=c43&amp;element=Mg&amp;spectr_charge=1&amp;ref=&amp;type=M2,
,7 246.7,,8.15e+04,C+,58 023.246,-,59 403.18,3s6d,1D,2,3s8p,1P°,1,,https://physics.nist.gov/cgi-bin/ASBib1/get_ASBib_ref.cgi?db=tp&amp;db_id=6298&amp;comment_code=c72&amp;element=Mg&amp;spectr_charge=1&amp;ref=6298&amp;type=,
,7 259.4,,3.53e+03,D+,58 023.246,-,59 400.763,3s6d,1D,2,3s7f,1F°,3,,https://physics.nist.gov/cgi-bin/ASBib1/get_ASBib_ref.cgi?db=tp&amp;db_id=6298&amp;comment_code=c72&amp;element=Mg&amp;spectr_charge=1&amp;ref=6298&amp;type=,
,7 270.6,,2.32e+05,B,58 575.477,-,59 950.87,3s6f,1F°,3,3s8g,1G,4,,https://physics.nist.gov/cgi-bin/ASBib1/get_ASBib_ref.cgi?db=tp&amp;db_id=6298&amp;comment_code=c72&amp;element=Mg&amp;spectr_charge=1&amp;ref=6298&amp;type=,
,7 270.9,,2.32e+05,B,58 575.527,-,59 950.87,3s6f,3F°,4,3s8g,3G,5,,https://physics.nist.gov/cgi-bin/ASBib1/get_ASBib_ref.cgi?db=tp&amp;db_id=6298&amp;comment_code=c72&amp;element=Mg&amp;spectr_charge=1&amp;ref=6298&amp;type=,
,7 270.9,,1.45e+04,C+,58 575.527,-,59 950.87,3s6f,3F°,4,3s8g,3G,4,,https://physics.nist.gov/cgi-bin/ASBib1/get_ASBib_ref.cgi?db=tp&amp;db_id=6298&amp;comment_code=c72&amp;element=Mg&amp;spectr_charge=1&amp;ref=6298&amp;type=,
,7 270.9,,2.18e+05,B,58 575.527,-,59 950.87,3s6f,3F°,3,3s8g,3G,4,,https://physics.nist.gov/cgi-bin/ASBib1/get_ASBib_ref.cgi?db=tp&amp;db_id=6298&amp;comment_code=c72&amp;element=Mg&amp;spectr_charge=1&amp;ref=6298&amp;type=,
,7 549.6,,6.13e+00,E,58 610.795,-,59 935.370,3s6g,3G,3,3s8f,3F°,4,,https://physics.nist.gov/cgi-bin/ASBib1/get_ASBib_ref.cgi?db=tp&amp;db_id=6298&amp;comment_code=c72&amp;element=Mg&amp;spectr_charge=1&amp;ref=6298&amp;type=,
,7 549.6,,8.29e+03,C,58 610.795,-,59 935.370,3s6g,3G,3,3s8f,3F°,2,,https://physics.nist.gov/cgi-bin/ASBib1/get_ASBib_ref.cgi?db=tp&amp;db_id=6298&amp;comment_code=c72&amp;element=Mg&amp;spectr_charge=1&amp;ref=6298&amp;type=,
,7 549.6,,5.18e+02,D,58 610.795,-,59 935.370,3s6g,3G,3,3s8f,3F°,3,,https://physics.nist.gov/cgi-bin/ASBib1/get_ASBib_ref.cgi?db=tp&amp;db_id=6298&amp;comment_code=c72&amp;element=Mg&amp;spectr_charge=1&amp;ref=6298&amp;type=,
,7 549.6,,7.88e+03,C,58 610.795,-,59 935.370,3s6g,3G,5,3s8f,3F°,4,,https://physics.nist.gov/cgi-bin/ASBib1/get_ASBib_ref.cgi?db=tp&amp;db_id=6298&amp;comment_code=c72&amp;element=Mg&amp;spectr_charge=1&amp;ref=6298&amp;type=,
,7 549.6,,8.25e+03,C,58 610.795,-,59 935.370,3s6g,1G,4,3s8f,1F°,3,,https://physics.nist.gov/cgi-bin/ASBib1/get_ASBib_ref.cgi?db=tp&amp;db_id=6298&amp;comment_code=c72&amp;element=Mg&amp;spectr_charge=1&amp;ref=6298&amp;type=,
,7 549.6,,4.03e+02,D,58 610.795,-,59 935.370,3s6g,3G,4,3s8f,3F°,4,,https://physics.nist.gov/cgi-bin/ASBib1/get_ASBib_ref.cgi?db=tp&amp;db_id=6298&amp;comment_code=c72&amp;element=Mg&amp;spectr_charge=1&amp;ref=6298&amp;type=,
,7 549.6,,7.76e+03,C,58 610.795,-,59 935.370,3s6g,3G,4,3s8f,3F°,3,,https://physics.nist.gov/cgi-bin/ASBib1/get_ASBib_ref.cgi?db=tp&amp;db_id=6298&amp;comment_code=c72&amp;element=Mg&amp;spectr_charge=1&amp;ref=6298&amp;type=,
,7 617.5,,9.54e+02,C,57 262.760,-,58 575.527,3s5g,3G,4,3s6f,3F°,4,,https://physics.nist.gov/cgi-bin/ASBib1/get_ASBib_ref.cgi?db=tp&amp;db_id=6298&amp;comment_code=c72&amp;element=Mg&amp;spectr_charge=1&amp;ref=6298&amp;type=,
,7 617.5,,1.45e+01,E,57 262.760,-,58 575.527,3s5g,3G,3,3s6f,3F°,4,,https://physics.nist.gov/cgi-bin/ASBib1/get_ASBib_ref.cgi?db=tp&amp;db_id=6298&amp;comment_code=c72&amp;element=Mg&amp;spectr_charge=1&amp;ref=6298&amp;type=,
,7 617.5,,1.96e+04,B,57 262.760,-,58 575.527,3s5g,3G,3,3s6f,3F°,2,,https://physics.nist.gov/cgi-bin/ASBib1/get_ASBib_ref.cgi?db=tp&amp;db_id=6298&amp;comment_code=c72&amp;element=Mg&amp;spectr_charge=1&amp;ref=6298&amp;type=,
,7 617.5,,1.23e+03,C,57 262.760,-,58 575.527,3s5g,3G,3,3s6f,3F°,3,,https://physics.nist.gov/cgi-bin/ASBib1/get_ASBib_ref.cgi?db=tp&amp;db_id=6298&amp;comment_code=c72&amp;element=Mg&amp;spectr_charge=1&amp;ref=6298&amp;type=,
,7 617.5,,1.83e+04,B,57 262.760,-,58 575.527,3s5g,3G,4,3s6f,3F°,3,,https://physics.nist.gov/cgi-bin/ASBib1/get_ASBib_ref.cgi?db=tp&amp;db_id=6298&amp;comment_code=c72&amp;element=Mg&amp;spectr_charge=1&amp;ref=6298&amp;type=,
,7 617.8,,1.95e+04,B,57 262.760,-,58 575.477,3s5g,1G,4,3s6f,1F°,3,,https://physics.nist.gov/cgi-bin/ASBib1/get_ASBib_ref.cgi?db=tp&amp;db_id=6298&amp;comment_code=c72&amp;element=Mg&amp;spectr_charge=1&amp;ref=6298&amp;type=,
,7 659.0,,2.87e+04,C+,58 575.527,-,59 881.181,3s6f,3F°,3,3s8d,3D,2,,https://physics.nist.gov/cgi-bin/ASBib1/get_ASBib_ref.cgi?db=tp&amp;db_id=6298&amp;comment_code=c72&amp;element=Mg&amp;spectr_charge=1&amp;ref=6298&amp;type=,
,7 659.0,,3.59e+03,D+,58 575.527,-,59 881.181,3s6f,3F°,2,3s8d,3D,2,,https://physics.nist.gov/cgi-bin/ASBib1/get_ASBib_ref.cgi?db=tp&amp;db_id=6298&amp;comment_code=c72&amp;element=Mg&amp;spectr_charge=1&amp;ref=6298&amp;type=,
,7 658.9,,3.22e+04,C+,58 575.527,-,59 881.196,3s6f,3F°,2,3s8d,3D,1,,https://physics.nist.gov/cgi-bin/ASBib1/get_ASBib_ref.cgi?db=tp&amp;db_id=6298&amp;comment_code=c72&amp;element=Mg&amp;spectr_charge=1&amp;ref=6298&amp;type=,
,7 659.07,,2.57e+03,D+,58 575.527,-,59 881.168,3s6f,3F°,3,3s8d,3D,3,,https://physics.nist.gov/cgi-bin/ASBib1/get_ASBib_ref.cgi?db=tp&amp;db_id=6298&amp;comment_code=c72&amp;element=Mg&amp;spectr_charge=1&amp;ref=6298&amp;type=,
,7 659.07,,7.24e+01,E,58 575.527,-,59 881.168,3s6f,3F°,2,3s8d,3D,3,,https://physics.nist.gov/cgi-bin/ASBib1/get_ASBib_ref.cgi?db=tp&amp;db_id=6298&amp;comment_code=c72&amp;element=Mg&amp;spectr_charge=1&amp;ref=6298&amp;type=,
,7 659.07,,2.97e+04,C+,58 575.527,-,59 881.168,3s6f,3F°,4,3s8d,3D,3,,https://physics.nist.gov/cgi-bin/ASBib1/get_ASBib_ref.cgi?db=tp&amp;db_id=6298&amp;comment_code=c72&amp;element=Mg&amp;spectr_charge=1&amp;ref=6298&amp;type=,
,7 928.4,,2.81e+04,C,59 041.019,-,60 302.30,3s7d,1D,2,3s10p,1P°,1,,https://physics.nist.gov/cgi-bin/ASBib1/get_ASBib_ref.cgi?db=tp&amp;db_id=6298&amp;comment_code=c72&amp;element=Mg&amp;spectr_charge=1&amp;ref=6298&amp;type=,
,7 934.8,,9.76e+02,D,59 041.019,-,60 301.283,3s7d,1D,2,3s9f,1F°,3,,https://physics.nist.gov/cgi-bin/ASBib1/get_ASBib_ref.cgi?db=tp&amp;db_id=6298&amp;comment_code=c72&amp;element=Mg&amp;spectr_charge=1&amp;ref=6298&amp;type=,
,8 007.8,,8.63e+03,C,59 053.52,-,60 302.30,3s8s,1S,0,3s10p,1P°,1,,https://physics.nist.gov/cgi-bin/ASBib1/get_ASBib_ref.cgi?db=tp&amp;db_id=6298&amp;comment_code=c72&amp;element=Mg&amp;spectr_charge=1&amp;ref=6298&amp;type=,
,8 039.5,,4.42e+04,C+,59 318.775,-,60 562.637,3s7d,3D,2,3s10f,3F°,3,,https://physics.nist.gov/cgi-bin/ASBib1/get_ASBib_ref.cgi?db=tp&amp;db_id=6298&amp;comment_code=c72&amp;element=Mg&amp;spectr_charge=1&amp;ref=6298&amp;type=,
,8 039.5,,7.76e+03,C,59 318.775,-,60 562.637,3s7d,3D,2,3s10f,3F°,2,,https://physics.nist.gov/cgi-bin/ASBib1/get_ASBib_ref.cgi?db=tp&amp;db_id=6298&amp;comment_code=c72&amp;element=Mg&amp;spectr_charge=1&amp;ref=6298&amp;type=,
,8 039.4,,2.18e+02,E,59 318.764,-,60 562.637,3s7d,3D,3,3s10f,3F°,2,,https://physics.nist.gov/cgi-bin/ASBib1/get_ASBib_ref.cgi?db=tp&amp;db_id=6298&amp;comment_code=c72&amp;element=Mg&amp;spectr_charge=1&amp;ref=6298&amp;type=,
,8 039.4,,4.98e+04,B,59 318.764,-,60 562.637,3s7d,3D,3,3s10f,3F°,4,,https://physics.nist.gov/cgi-bin/ASBib1/get_ASBib_ref.cgi?db=tp&amp;db_id=6298&amp;comment_code=c72&amp;element=Mg&amp;spectr_charge=1&amp;ref=6298&amp;type=,
,8 039.4,,5.54e+03,C,59 318.764,-,60 562.637,3s7d,3D,3,3s10f,3F°,3,,https://physics.nist.gov/cgi-bin/ASBib1/get_ASBib_ref.cgi?db=tp&amp;db_id=6298&amp;comment_code=c72&amp;element=Mg&amp;spectr_charge=1&amp;ref=6298&amp;type=,
,8 039.6,,4.18e+04,C+,59 318.793,-,60 562.637,3s7d,3D,1,3s10f,3F°,2,,https://physics.nist.gov/cgi-bin/ASBib1/get_ASBib_ref.cgi?db=tp&amp;db_id=6298&amp;comment_code=c72&amp;element=Mg&amp;spectr_charge=1&amp;ref=6298&amp;type=,
,8 073.33,,1.01e+05,B+,57 204.228,-,58 442.874,3s5f,3F°,2,3s6d,3D,1,,https://physics.nist.gov/cgi-bin/ASBib1/get_ASBib_ref.cgi?db=tp&amp;db_id=6298&amp;comment_code=c72&amp;element=Mg&amp;spectr_charge=1&amp;ref=6298&amp;type=,
,8 073.47,,1.13e+04,B,57 204.228,-,58 442.853,3s5f,3F°,2,3s6d,3D,2,,https://physics.nist.gov/cgi-bin/ASBib1/get_ASBib_ref.cgi?db=tp&amp;db_id=6298&amp;comment_code=c72&amp;element=Mg&amp;spectr_charge=1&amp;ref=6298&amp;type=,
,8 073.53,,2.27e+02,D+,57 204.228,-,58 442.843,3s5f,3F°,2,3s6d,3D,3,,https://physics.nist.gov/cgi-bin/ASBib1/get_ASBib_ref.cgi?db=tp&amp;db_id=6298&amp;comment_code=c72&amp;element=Mg&amp;spectr_charge=1&amp;ref=6298&amp;type=,
,8 073.72,,9.00e+04,B+,57 204.267,-,58 442.853,3s5f,3F°,3,3s6d,3D,2,,https://physics.nist.gov/cgi-bin/ASBib1/get_ASBib_ref.cgi?db=tp&amp;db_id=6298&amp;comment_code=c72&amp;element=Mg&amp;spectr_charge=1&amp;ref=6298&amp;type=,
,8 073.79,,8.06e+03,B,57 204.267,-,58 442.843,3s5f,3F°,3,3s6d,3D,3,,https://physics.nist.gov/cgi-bin/ASBib1/get_ASBib_ref.cgi?db=tp&amp;db_id=6298&amp;comment_code=c72&amp;element=Mg&amp;spectr_charge=1&amp;ref=6298&amp;type=,
,8 074.04,,9.30e+04,B+,57 204.305,-,58 442.843,3s5f,3F°,4,3s6d,3D,3,,https://physics.nist.gov/cgi-bin/ASBib1/get_ASBib_ref.cgi?db=tp&amp;db_id=6298&amp;comment_code=c72&amp;element=Mg&amp;spectr_charge=1&amp;ref=6298&amp;type=,
,8 383.4,,3.46e+04,C+,59 342.51,-,60 535.34,3s8p,3P°,1,3s10d,3D,2,,https://physics.nist.gov/cgi-bin/ASBib1/get_ASBib_ref.cgi?db=tp&amp;db_id=6298&amp;comment_code=c72&amp;element=Mg&amp;spectr_charge=1&amp;ref=6298&amp;type=,
,8 383.4,,1.92e+04,C,59 342.51,-,60 535.34,3s8p,3P°,1,3s10d,3D,1,,https://physics.nist.gov/cgi-bin/ASBib1/get_ASBib_ref.cgi?db=tp&amp;db_id=6298&amp;comment_code=c72&amp;element=Mg&amp;spectr_charge=1&amp;ref=6298&amp;type=,
,8 383.4,,2.56e+04,C+,59 342.51,-,60 535.34,3s8p,3P°,0,3s10d,3D,1,,https://physics.nist.gov/cgi-bin/ASBib1/get_ASBib_ref.cgi?db=tp&amp;db_id=6298&amp;comment_code=c72&amp;element=Mg&amp;spectr_charge=1&amp;ref=6298&amp;type=,
,8 383.4,,1.28e+03,D,59 342.51,-,60 535.34,3s8p,3P°,2,3s10d,3D,1,,https://physics.nist.gov/cgi-bin/ASBib1/get_ASBib_ref.cgi?db=tp&amp;db_id=6298&amp;comment_code=c72&amp;element=Mg&amp;spectr_charge=1&amp;ref=6298&amp;type=,
,8 383.4,,4.61e+04,B,59 342.51,-,60 535.34,3s8p,3P°,2,3s10d,3D,3,,https://physics.nist.gov/cgi-bin/ASBib1/get_ASBib_ref.cgi?db=tp&amp;db_id=6298&amp;comment_code=c72&amp;element=Mg&amp;spectr_charge=1&amp;ref=6298&amp;type=,
,8 383.4,,1.15e+04,C,59 342.51,-,60 535.34,3s8p,3P°,2,3s10d,3D,2,,https://physics.nist.gov/cgi-bin/ASBib1/get_ASBib_ref.cgi?db=tp&amp;db_id=6298&amp;comment_code=c72&amp;element=Mg&amp;spectr_charge=1&amp;ref=6298&amp;type=,
,8 529.1,,1.43e+04,C,58 476.689,-,59 649.15,3s7p,3P°,0,3s9s,3S,1,,https://physics.nist.gov/cgi-bin/ASBib1/get_ASBib_ref.cgi?db=tp&amp;db_id=6298&amp;comment_code=c72&amp;element=Mg&amp;spectr_charge=1&amp;ref=6298&amp;type=,
,8 531.5,,4.29e+04,C+,58 477.020,-,59 649.15,3s7p,3P°,1,3s9s,3S,1,,https://physics.nist.gov/cgi-bin/ASBib1/get_ASBib_ref.cgi?db=tp&amp;db_id=6298&amp;comment_code=c72&amp;element=Mg&amp;spectr_charge=1&amp;ref=6298&amp;type=,
,8 536.9,,7.14e+04,C+,58 477.760,-,59 649.15,3s7p,3P°,2,3s9s,3S,1,,https://physics.nist.gov/cgi-bin/ASBib1/get_ASBib_ref.cgi?db=tp&amp;db_id=6298&amp;comment_code=c72&amp;element=Mg&amp;spectr_charge=1&amp;ref=6298&amp;type=,
,8 778.9,,3.73e+03,C,59 423.537,-,60 562.637,3s7g,3G,4,3s10f,3F°,3,,https://physics.nist.gov/cgi-bin/ASBib1/get_ASBib_ref.cgi?db=tp&amp;db_id=6298&amp;comment_code=c72&amp;element=Mg&amp;spectr_charge=1&amp;ref=6298&amp;type=,
,8 778.9,,2.49e+02,D,59 423.537,-,60 562.637,3s7g,3G,3,3s10f,3F°,3,,https://physics.nist.gov/cgi-bin/ASBib1/get_ASBib_ref.cgi?db=tp&amp;db_id=6298&amp;comment_code=c72&amp;element=Mg&amp;spectr_charge=1&amp;ref=6298&amp;type=,
,8 778.9,,3.99e+03,C,59 423.537,-,60 562.637,3s7g,3G,3,3s10f,3F°,2,,https://physics.nist.gov/cgi-bin/ASBib1/get_ASBib_ref.cgi?db=tp&amp;db_id=6298&amp;comment_code=c72&amp;element=Mg&amp;spectr_charge=1&amp;ref=6298&amp;type=,
,8 778.9,,2.96e+00,E,59 423.537,-,60 562.637,3s7g,3G,3,3s10f,3F°,4,,https://physics.nist.gov/cgi-bin/ASBib1/get_ASBib_ref.cgi?db=tp&amp;db_id=6298&amp;comment_code=c72&amp;element=Mg&amp;spectr_charge=1&amp;ref=6298&amp;type=,
,8 778.9,,3.79e+03,C,59 423.537,-,60 562.637,3s7g,3G,5,3s10f,3F°,4,,https://physics.nist.gov/cgi-bin/ASBib1/get_ASBib_ref.cgi?db=tp&amp;db_id=6298&amp;comment_code=c72&amp;element=Mg&amp;spectr_charge=1&amp;ref=6298&amp;type=,
,8 778.9,,1.94e+02,D,59 423.537,-,60 562.637,3s7g,3G,4,3s10f,3F°,4,,https://physics.nist.gov/cgi-bin/ASBib1/get_ASBib_ref.cgi?db=tp&amp;db_id=6298&amp;comment_code=c72&amp;element=Mg&amp;spectr_charge=1&amp;ref=6298&amp;type=,
,8 778.9,,3.97e+03,C,59 423.537,-,60 562.637,3s7g,1G,4,3s10f,1F°,3,,https://physics.nist.gov/cgi-bin/ASBib1/get_ASBib_ref.cgi?db=tp&amp;db_id=6298&amp;comment_code=c72&amp;element=Mg&amp;spectr_charge=1&amp;ref=6298&amp;type=,
,8 813.9,,1.16e+04,C,59 400.763,-,60 535.34,3s7f,3F°,3,3s10d,3D,2,,https://physics.nist.gov/cgi-bin/ASBib1/get_ASBib_ref.cgi?db=tp&amp;db_id=6298&amp;comment_code=c72&amp;element=Mg&amp;spectr_charge=1&amp;ref=6298&amp;type=,
,8 813.9,,1.46e+03,D+,59 400.763,-,60 535.34,3s7f,3F°,2,3s10d,3D,2,,https://physics.nist.gov/cgi-bin/ASBib1/get_ASBib_ref.cgi?db=tp&amp;db_id=6298&amp;comment_code=c72&amp;element=Mg&amp;spectr_charge=1&amp;ref=6298&amp;type=,
,8 813.9,,1.31e+04,C,59 400.763,-,60 535.34,3s7f,3F°,2,3s10d,3D,1,,https://physics.nist.gov/cgi-bin/ASBib1/get_ASBib_ref.cgi?db=tp&amp;db_id=6298&amp;comment_code=c72&amp;element=Mg&amp;spectr_charge=1&amp;ref=6298&amp;type=,
,8 813.9,,2.94e+01,E,59 400.763,-,60 535.34,3s7f,3F°,2,3s10d,3D,3,,https://physics.nist.gov/cgi-bin/ASBib1/get_ASBib_ref.cgi?db=tp&amp;db_id=6298&amp;comment_code=c72&amp;element=Mg&amp;spectr_charge=1&amp;ref=6298&amp;type=,
,8 813.9,,1.20e+04,C+,59 400.763,-,60 535.34,3s7f,3F°,4,3s10d,3D,3,,https://physics.nist.gov/cgi-bin/ASBib1/get_ASBib_ref.cgi?db=tp&amp;db_id=6298&amp;comment_code=c72&amp;element=Mg&amp;spectr_charge=1&amp;ref=6298&amp;type=,
,8 813.9,,1.04e+03,D+,59 400.763,-,60 535.34,3s7f,3F°,3,3s10d,3D,3,,https://physics.nist.gov/cgi-bin/ASBib1/get_ASBib_ref.cgi?db=tp&amp;db_id=6298&amp;comment_code=c72&amp;element=Mg&amp;spectr_charge=1&amp;ref=6298&amp;type=,
8 871.16,8 871.34,,6.25e+05,B+,55 891.80,-,57 019.025,3s6s,3S,1,3s6p,3P°,2,,https://physics.nist.gov/cgi-bin/ASBib1/get_ASBib_ref.cgi?db=tp&amp;db_id=6298&amp;comment_code=c72&amp;element=Mg&amp;spectr_charge=1&amp;ref=6298&amp;type=,https://physics.nist.gov/cgi-bin/ASBib1/get_ASBib_ref.cgi?db=el&amp;db_id=10070&amp;comment_code=&amp;element=Mg&amp;spectr_charge=1&amp;ref=10070&amp;type=
,8 874.1,,1.22e+05,C+,58 580.23,-,59 707.11,3s7p,1P°,1,3s9s,1S,0,,https://physics.nist.gov/cgi-bin/ASBib1/get_ASBib_ref.cgi?db=tp&amp;db_id=6298&amp;comment_code=c72&amp;element=Mg&amp;spectr_charge=1&amp;ref=6298&amp;type=,
8 881.527,8 881.59,,6.22e+05,B+,55 891.80,-,57 017.724,3s6s,3S,1,3s6p,3P°,1,,https://physics.nist.gov/cgi-bin/ASBib1/get_ASBib_ref.cgi?db=tp&amp;db_id=6298&amp;comment_code=c72&amp;element=Mg&amp;spectr_charge=1&amp;ref=6298&amp;type=,https://physics.nist.gov/cgi-bin/ASBib1/get_ASBib_ref.cgi?db=el&amp;db_id=10570&amp;comment_code=&amp;element=Mg&amp;spectr_charge=1&amp;ref=10570&amp;type=
8 886.588,8 886.69,,6.21e+05,B+,55 891.80,-,57 017.078,3s6s,3S,1,3s6p,3P°,0,,https://physics.nist.gov/cgi-bin/ASBib1/get_ASBib_ref.cgi?db=tp&amp;db_id=6298&amp;comment_code=c72&amp;element=Mg&amp;spectr_charge=1&amp;ref=6298&amp;type=,https://physics.nist.gov/cgi-bin/ASBib1/get_ASBib_ref.cgi?db=el&amp;db_id=10570&amp;comment_code=&amp;element=Mg&amp;spectr_charge=1&amp;ref=10570&amp;type=
,8 972.5,,4.00e+04,C+,58 575.477,-,59 689.991,3s6f,1F°,3,3s8d,1D,2,,https://physics.nist.gov/cgi-bin/ASBib1/get_ASBib_ref.cgi?db=tp&amp;db_id=6298&amp;comment_code=c72&amp;element=Mg&amp;spectr_charge=1&amp;ref=6298&amp;type=,
,9 010.9,,1.82e+04,C+,58 580.23,-,59 689.991,3s7p,1P°,1,3s8d,1D,2,,https://physics.nist.gov/cgi-bin/ASBib1/get_ASBib_ref.cgi?db=tp&amp;db_id=6298&amp;comment_code=c72&amp;element=Mg&amp;spectr_charge=1&amp;ref=6298&amp;type=,
,9 273.3,,1.30e+04,C,59 342.51,-,60 420.87,3s8p,3P°,1,3s11s,3S,1,,https://physics.nist.gov/cgi-bin/ASBib1/get_ASBib_ref.cgi?db=tp&amp;db_id=6298&amp;comment_code=c72&amp;element=Mg&amp;spectr_charge=1&amp;ref=6298&amp;type=,
,9 273.3,,4.32e+03,C,59 342.51,-,60 420.87,3s8p,3P°,0,3s11s,3S,1,,https://physics.nist.gov/cgi-bin/ASBib1/get_ASBib_ref.cgi?db=tp&amp;db_id=6298&amp;comment_code=c72&amp;element=Mg&amp;spectr_charge=1&amp;ref=6298&amp;type=,
,9 273.3,,2.16e+04,C+,59 342.51,-,60 420.87,3s8p,3P°,2,3s11s,3S,1,,https://physics.nist.gov/cgi-bin/ASBib1/get_ASBib_ref.cgi?db=tp&amp;db_id=6298&amp;comment_code=c72&amp;element=Mg&amp;spectr_charge=1&amp;ref=6298&amp;type=,
,9 668.04,,1.30e+04,C+,59 400.763,-,60 435.099,3s7f,1F°,3,3s10d,1D,2,,https://physics.nist.gov/cgi-bin/ASBib1/get_ASBib_ref.cgi?db=tp&amp;db_id=6298&amp;comment_code=c72&amp;element=Mg&amp;spectr_charge=1&amp;ref=6298&amp;type=,
,9 690.7,,2.54e+03,C,59 403.18,-,60 435.099,3s8p,1P°,1,3s10d,1D,2,,https://physics.nist.gov/cgi-bin/ASBib1/get_ASBib_ref.cgi?db=tp&amp;db_id=6298&amp;comment_code=c72&amp;element=Mg&amp;spectr_charge=1&amp;ref=6298&amp;type=,
,9 726.5,,5.15e+05,B+,56 186.873,-,57 214.992,3s6s,1S,0,3s6p,1P°,1,,https://physics.nist.gov/cgi-bin/ASBib1/get_ASBib_ref.cgi?db=tp&amp;db_id=6298&amp;comment_code=c72&amp;element=Mg&amp;spectr_charge=1&amp;ref=6298&amp;type=,
,10 177.9,,2.82e+02,D,59 318.764,-,60 301.283,3s7d,3D,3,3s9f,3F°,2,,https://physics.nist.gov/cgi-bin/ASBib1/get_ASBib_ref.cgi?db=tp&amp;db_id=6298&amp;comment_code=c72&amp;element=Mg&amp;spectr_charge=1&amp;ref=6298&amp;type=,
,10 177.9,,6.41e+04,B,59 318.764,-,60 301.283,3s7d,3D,3,3s9f,3F°,4,,https://physics.nist.gov/cgi-bin/ASBib1/get_ASBib_ref.cgi?db=tp&amp;db_id=6298&amp;comment_code=c72&amp;element=Mg&amp;spectr_charge=1&amp;ref=6298&amp;type=,
,10 177.9,,7.15e+03,C+,59 318.764,-,60 301.283,3s7d,3D,3,3s9f,3F°,3,,https://physics.nist.gov/cgi-bin/ASBib1/get_ASBib_ref.cgi?db=tp&amp;db_id=6298&amp;comment_code=c72&amp;element=Mg&amp;spectr_charge=1&amp;ref=6298&amp;type=,
,10 178.03,,5.70e+04,B,59 318.775,-,60 301.283,3s7d,3D,2,3s9f,3F°,3,,https://physics.nist.gov/cgi-bin/ASBib1/get_ASBib_ref.cgi?db=tp&amp;db_id=6298&amp;comment_code=c72&amp;element=Mg&amp;spectr_charge=1&amp;ref=6298&amp;type=,
,10 178.03,,1.00e+04,C+,59 318.775,-,60 301.283,3s7d,3D,2,3s9f,3F°,2,,https://physics.nist.gov/cgi-bin/ASBib1/get_ASBib_ref.cgi?db=tp&amp;db_id=6298&amp;comment_code=c72&amp;element=Mg&amp;spectr_charge=1&amp;ref=6298&amp;type=,
,10 178.2,,5.41e+04,B,59 318.793,-,60 301.283,3s7d,3D,1,3s9f,3F°,2,,https://physics.nist.gov/cgi-bin/ASBib1/get_ASBib_ref.cgi?db=tp&amp;db_id=6298&amp;comment_code=c72&amp;element=Mg&amp;spectr_charge=1&amp;ref=6298&amp;type=,
10 439.140,10 439.29,15,1.94e+05,B,58 442.843,-,59 400.763,3s6d,3D,3,3s7f,3F°,4,,https://physics.nist.gov/cgi-bin/ASBib1/get_ASBib_ref.cgi?db=tp&amp;db_id=6298&amp;comment_code=c72&amp;element=Mg&amp;spectr_charge=1&amp;ref=6298&amp;type=,https://physics.nist.gov/cgi-bin/ASBib1/get_ASBib_ref.cgi?db=el&amp;db_id=10570&amp;comment_code=&amp;element=Mg&amp;spectr_charge=1&amp;ref=10570&amp;type=
,10 439.29,,2.16e+04,C+,58 442.843,-,59 400.763,3s6d,3D,3,3s7f,3F°,3,,https://physics.nist.gov/cgi-bin/ASBib1/get_ASBib_ref.cgi?db=tp&amp;db_id=6298&amp;comment_code=c72&amp;element=Mg&amp;spectr_charge=1&amp;ref=6298&amp;type=,
,10 439.29,,8.53e+02,D+,58 442.843,-,59 400.763,3s6d,3D,3,3s7f,3F°,2,,https://physics.nist.gov/cgi-bin/ASBib1/get_ASBib_ref.cgi?db=tp&amp;db_id=6298&amp;comment_code=c72&amp;element=Mg&amp;spectr_charge=1&amp;ref=6298&amp;type=,
,10 439.39,,3.02e+04,C+,58 442.853,-,59 400.763,3s6d,3D,2,3s7f,3F°,2,,https://physics.nist.gov/cgi-bin/ASBib1/get_ASBib_ref.cgi?db=tp&amp;db_id=6298&amp;comment_code=c72&amp;element=Mg&amp;spectr_charge=1&amp;ref=6298&amp;type=,
10 439.671,10 439.39,9,1.72e+05,B,58 442.853,-,59 400.763,3s6d,3D,2,3s7f,3F°,3,,https://physics.nist.gov/cgi-bin/ASBib1/get_ASBib_ref.cgi?db=tp&amp;db_id=6298&amp;comment_code=c72&amp;element=Mg&amp;spectr_charge=1&amp;ref=6298&amp;type=,https://physics.nist.gov/cgi-bin/ASBib1/get_ASBib_ref.cgi?db=el&amp;db_id=10570&amp;comment_code=&amp;element=Mg&amp;spectr_charge=1&amp;ref=10570&amp;type=
10 439.907,10 439.62,7,1.63e+05,B,58 442.874,-,59 400.763,3s6d,3D,1,3s7f,3F°,2,,https://physics.nist.gov/cgi-bin/ASBib1/get_ASBib_ref.cgi?db=tp&amp;db_id=6298&amp;comment_code=c72&amp;element=Mg&amp;spectr_charge=1&amp;ref=6298&amp;type=,https://physics.nist.gov/cgi-bin/ASBib1/get_ASBib_ref.cgi?db=el&amp;db_id=10570&amp;comment_code=&amp;element=Mg&amp;spectr_charge=1&amp;ref=10570&amp;type=
,10 693.8,,2.41e+04,C+,58 962.739,-,59 897.86,3s8s,3S,1,3s9p,3P°,2,,https://physics.nist.gov/cgi-bin/ASBib1/get_ASBib_ref.cgi?db=tp&amp;db_id=6298&amp;comment_code=c72&amp;element=Mg&amp;spectr_charge=1&amp;ref=6298&amp;type=,
,10 693.8,,2.41e+04,C,58 962.739,-,59 897.86,3s8s,3S,1,3s9p,3P°,0,,https://physics.nist.gov/cgi-bin/ASBib1/get_ASBib_ref.cgi?db=tp&amp;db_id=6298&amp;comment_code=c72&amp;element=Mg&amp;spectr_charge=1&amp;ref=6298&amp;type=,
,10 693.8,,2.41e+04,C+,58 962.739,-,59 897.86,3s8s,3S,1,3s9p,3P°,1,,https://physics.nist.gov/cgi-bin/ASBib1/get_ASBib_ref.cgi?db=tp&amp;db_id=6298&amp;comment_code=c72&amp;element=Mg&amp;spectr_charge=1&amp;ref=6298&amp;type=,
,10 856.9,,3.57e+04,C+,59 342.51,-,60 263.583,3s8p,3P°,0,3s9d,3D,1,,https://physics.nist.gov/cgi-bin/ASBib1/get_ASBib_ref.cgi?db=tp&amp;db_id=6298&amp;comment_code=c72&amp;element=Mg&amp;spectr_charge=1&amp;ref=6298&amp;type=,
,10 856.9,,1.78e+03,D+,59 342.51,-,60 263.583,3s8p,3P°,2,3s9d,3D,1,,https://physics.nist.gov/cgi-bin/ASBib1/get_ASBib_ref.cgi?db=tp&amp;db_id=6298&amp;comment_code=c72&amp;element=Mg&amp;spectr_charge=1&amp;ref=6298&amp;type=,
,10 856.9,,6.43e+04,B,59 342.51,-,60 263.583,3s8p,3P°,2,3s9d,3D,3,,https://physics.nist.gov/cgi-bin/ASBib1/get_ASBib_ref.cgi?db=tp&amp;db_id=6298&amp;comment_code=c72&amp;element=Mg&amp;spectr_charge=1&amp;ref=6298&amp;type=,
,10 856.9,,1.61e+04,C+,59 342.51,-,60 263.583,3s8p,3P°,2,3s9d,3D,2,,https://physics.nist.gov/cgi-bin/ASBib1/get_ASBib_ref.cgi?db=tp&amp;db_id=6298&amp;comment_code=c72&amp;element=Mg&amp;spectr_charge=1&amp;ref=6298&amp;type=,
,10 856.9,,4.82e+04,B,59 342.51,-,60 263.583,3s8p,3P°,1,3s9d,3D,2,,https://physics.nist.gov/cgi-bin/ASBib1/get_ASBib_ref.cgi?db=tp&amp;db_id=6298&amp;comment_code=c72&amp;element=Mg&amp;spectr_charge=1&amp;ref=6298&amp;type=,
,10 856.9,,2.68e+04,C+,59 342.51,-,60 263.583,3s8p,3P°,1,3s9d,3D,1,,https://physics.nist.gov/cgi-bin/ASBib1/get_ASBib_ref.cgi?db=tp&amp;db_id=6298&amp;comment_code=c72&amp;element=Mg&amp;spectr_charge=1&amp;ref=6298&amp;type=,
10 970.080,10 970.28,51*,,,59 400.763,-,60 312.317,3s7f,3F°,3,3s9g,G,3 or 4,,,https://physics.nist.gov/cgi-bin/ASBib1/get_ASBib_ref.cgi?db=el&amp;db_id=10570&amp;comment_code=&amp;element=Mg&amp;spectr_charge=1&amp;ref=10570&amp;type=
10 970.468,10 970.28,57*,,,59 400.763,-,60 312.317,3s7f,3F°,4,3s9g,G,3 or 4,,,https://physics.nist.gov/cgi-bin/ASBib1/get_ASBib_ref.cgi?db=el&amp;db_id=10570&amp;comment_code=&amp;element=Mg&amp;spectr_charge=1&amp;ref=10570&amp;type=
11 029.949,11 030.09,,3.68e+05,B+,56 308.381,-,57 214.992,3s5d,1D,2,3s6p,1P°,1,,https://physics.nist.gov/cgi-bin/ASBib1/get_ASBib_ref.cgi?db=tp&amp;db_id=6298&amp;comment_code=c72&amp;element=Mg&amp;spectr_charge=1&amp;ref=6298&amp;type=,https://physics.nist.gov/cgi-bin/ASBib1/get_ASBib_ref.cgi?db=el&amp;db_id=10570&amp;comment_code=&amp;element=Mg&amp;spectr_charge=1&amp;ref=10570&amp;type=
,11 115.2,,3.74e+04,B,58 442.843,-,59 342.51,3s6d,3D,3,3s8p,3P°,2,,https://physics.nist.gov/cgi-bin/ASBib1/get_ASBib_ref.cgi?db=tp&amp;db_id=6298&amp;comment_code=c72&amp;element=Mg&amp;spectr_charge=1&amp;ref=6298&amp;type=,
,11 115.3,,6.69e+03,C+,58 442.853,-,59 342.51,3s6d,3D,2,3s8p,3P°,2,,https://physics.nist.gov/cgi-bin/ASBib1/get_ASBib_ref.cgi?db=tp&amp;db_id=6298&amp;comment_code=c72&amp;element=Mg&amp;spectr_charge=1&amp;ref=6298&amp;type=,
,11 115.3,,3.34e+04,C+,58 442.853,-,59 342.51,3s6d,3D,2,3s8p,3P°,1,,https://physics.nist.gov/cgi-bin/ASBib1/get_ASBib_ref.cgi?db=tp&amp;db_id=6298&amp;comment_code=c72&amp;element=Mg&amp;spectr_charge=1&amp;ref=6298&amp;type=,
,11 115.6,,1.11e+04,C+,58 442.874,-,59 342.51,3s6d,3D,1,3s8p,3P°,1,,https://physics.nist.gov/cgi-bin/ASBib1/get_ASBib_ref.cgi?db=tp&amp;db_id=6298&amp;comment_code=c72&amp;element=Mg&amp;spectr_charge=1&amp;ref=6298&amp;type=,
,11 115.6,,4.45e+04,C+,58 442.874,-,59 342.51,3s6d,3D,1,3s8p,3P°,0,,https://physics.nist.gov/cgi-bin/ASBib1/get_ASBib_ref.cgi?db=tp&amp;db_id=6298&amp;comment_code=c72&amp;element=Mg&amp;spectr_charge=1&amp;ref=6298&amp;type=,
,11 115.6,,4.47e+02,D,58 442.874,-,59 342.51,3s6d,3D,1,3s8p,3P°,2,,https://physics.nist.gov/cgi-bin/ASBib1/get_ASBib_ref.cgi?db=tp&amp;db_id=6298&amp;comment_code=c72&amp;element=Mg&amp;spectr_charge=1&amp;ref=6298&amp;type=,
11 162.27,11 162.13,*,,,56 308.381,-,57 204.267,3s5d,1D,2,3s5f,3F°,3,,,https://physics.nist.gov/cgi-bin/ASBib1/get_ASBib_ref.cgi?db=el&amp;db_id=10070&amp;comment_code=&amp;element=Mg&amp;spectr_charge=1&amp;ref=10070&amp;type=
11 162.27,11 162.62,*,,,56 308.381,-,57 204.228,3s5d,1D,2,3s5f,3F°,2,,,https://physics.nist.gov/cgi-bin/ASBib1/get_ASBib_ref.cgi?db=el&amp;db_id=10070&amp;comment_code=&amp;element=Mg&amp;spectr_charge=1&amp;ref=10070&amp;type=
11 163.763,11 163.43,,4.59e+05,B+,56 308.381,-,57 204.163,3s5d,1D,2,3s5f,1F°,3,,https://physics.nist.gov/cgi-bin/ASBib1/get_ASBib_ref.cgi?db=tp&amp;db_id=6298&amp;comment_code=c72&amp;element=Mg&amp;spectr_charge=1&amp;ref=6298&amp;type=,https://physics.nist.gov/cgi-bin/ASBib1/get_ASBib_ref.cgi?db=el&amp;db_id=10570&amp;comment_code=&amp;element=Mg&amp;spectr_charge=1&amp;ref=10570&amp;type=
,11 165.6,,4.55e+04,B,59 041.019,-,59 936.63,3s7d,1D,2,3s9p,1P°,1,,https://physics.nist.gov/cgi-bin/ASBib1/get_ASBib_ref.cgi?db=tp&amp;db_id=6298&amp;comment_code=c72&amp;element=Mg&amp;spectr_charge=1&amp;ref=6298&amp;type=,
,11 181.3,,9.41e+03,C+,59 041.019,-,59 935.370,3s7d,1D,2,3s8f,1F°,3,,https://physics.nist.gov/cgi-bin/ASBib1/get_ASBib_ref.cgi?db=tp&amp;db_id=6298&amp;comment_code=c72&amp;element=Mg&amp;spectr_charge=1&amp;ref=6298&amp;type=,
11 275.588,11 275.62,,,,59 428.853,-,60 315.722,3s7h,H°,,3s9i,I,,,,https://physics.nist.gov/cgi-bin/ASBib1/get_ASBib_ref.cgi?db=el&amp;db_id=10570&amp;comment_code=&amp;element=Mg&amp;spectr_charge=1&amp;ref=10570&amp;type=
11 292.682,11 292.75,,,,59 430.517,-,60 316.041,3s7i,I,,3s9k,K°,,,,https://physics.nist.gov/cgi-bin/ASBib1/get_ASBib_ref.cgi?db=el&amp;db_id=10570&amp;comment_code=&amp;element=Mg&amp;spectr_charge=1&amp;ref=10570&amp;type=
,11 323.6,,1.89e+04,C+,59 053.52,-,59 936.63,3s8s,1S,0,3s9p,1P°,1,,https://physics.nist.gov/cgi-bin/ASBib1/get_ASBib_ref.cgi?db=tp&amp;db_id=6298&amp;comment_code=c72&amp;element=Mg&amp;spectr_charge=1&amp;ref=6298&amp;type=,
,11 392.8,,6.66e+03,C+,59 423.537,-,60 301.283,3s7g,3G,3,3s9f,3F°,2,,https://physics.nist.gov/cgi-bin/ASBib1/get_ASBib_ref.cgi?db=tp&amp;db_id=6298&amp;comment_code=c72&amp;element=Mg&amp;spectr_charge=1&amp;ref=6298&amp;type=,
,11 392.8,,4.92e+00,E,59 423.537,-,60 301.283,3s7g,3G,3,3s9f,3F°,4,,https://physics.nist.gov/cgi-bin/ASBib1/get_ASBib_ref.cgi?db=tp&amp;db_id=6298&amp;comment_code=c72&amp;element=Mg&amp;spectr_charge=1&amp;ref=6298&amp;type=,
,11 392.8,,6.34e+03,C+,59 423.537,-,60 301.283,3s7g,3G,5,3s9f,3F°,4,,https://physics.nist.gov/cgi-bin/ASBib1/get_ASBib_ref.cgi?db=tp&amp;db_id=6298&amp;comment_code=c72&amp;element=Mg&amp;spectr_charge=1&amp;ref=6298&amp;type=,
,11 392.8,,3.24e+02,D+,59 423.537,-,60 301.283,3s7g,3G,4,3s9f,3F°,4,,https://physics.nist.gov/cgi-bin/ASBib1/get_ASBib_ref.cgi?db=tp&amp;db_id=6298&amp;comment_code=c72&amp;element=Mg&amp;spectr_charge=1&amp;ref=6298&amp;type=,
,11 392.8,,6.67e+03,C+,59 423.537,-,60 301.283,3s7g,1G,4,3s9f,1F°,3,,https://physics.nist.gov/cgi-bin/ASBib1/get_ASBib_ref.cgi?db=tp&amp;db_id=6298&amp;comment_code=c72&amp;element=Mg&amp;spectr_charge=1&amp;ref=6298&amp;type=,
,11 392.8,,6.24e+03,C+,59 423.537,-,60 301.283,3s7g,3G,4,3s9f,3F°,3,,https://physics.nist.gov/cgi-bin/ASBib1/get_ASBib_ref.cgi?db=tp&amp;db_id=6298&amp;comment_code=c72&amp;element=Mg&amp;spectr_charge=1&amp;ref=6298&amp;type=,
,11 392.8,,4.16e+02,D+,59 423.537,-,60 301.283,3s7g,3G,3,3s9f,3F°,3,,https://physics.nist.gov/cgi-bin/ASBib1/get_ASBib_ref.cgi?db=tp&amp;db_id=6298&amp;comment_code=c72&amp;element=Mg&amp;spectr_charge=1&amp;ref=6298&amp;type=,
,11 450.0,,1.69e+04,C+,59 689.991,-,60 563.35,3s8d,1D,2,3s11p,1P°,1,,https://physics.nist.gov/cgi-bin/ASBib1/get_ASBib_ref.cgi?db=tp&amp;db_id=6298&amp;comment_code=c72&amp;element=Mg&amp;spectr_charge=1&amp;ref=6298&amp;type=,
,11 459.4,,2.33e+03,C,59 689.991,-,60 562.637,3s8d,1D,2,3s10f,1F°,3,,https://physics.nist.gov/cgi-bin/ASBib1/get_ASBib_ref.cgi?db=tp&amp;db_id=6298&amp;comment_code=c72&amp;element=Mg&amp;spectr_charge=1&amp;ref=6298&amp;type=,
,11 589.9,,2.05e+04,C+,59 400.763,-,60 263.583,3s7f,3F°,2,3s9d,3D,1,,https://physics.nist.gov/cgi-bin/ASBib1/get_ASBib_ref.cgi?db=tp&amp;db_id=6298&amp;comment_code=c72&amp;element=Mg&amp;spectr_charge=1&amp;ref=6298&amp;type=,
,11 589.9,,4.61e+01,E,59 400.763,-,60 263.583,3s7f,3F°,2,3s9d,3D,3,,https://physics.nist.gov/cgi-bin/ASBib1/get_ASBib_ref.cgi?db=tp&amp;db_id=6298&amp;comment_code=c72&amp;element=Mg&amp;spectr_charge=1&amp;ref=6298&amp;type=,
,11 589.9,,1.88e+04,B,59 400.763,-,60 263.583,3s7f,3F°,4,3s9d,3D,3,,https://physics.nist.gov/cgi-bin/ASBib1/get_ASBib_ref.cgi?db=tp&amp;db_id=6298&amp;comment_code=c72&amp;element=Mg&amp;spectr_charge=1&amp;ref=6298&amp;type=,
,11 589.9,,1.63e+03,C,59 400.763,-,60 263.583,3s7f,3F°,3,3s9d,3D,3,,https://physics.nist.gov/cgi-bin/ASBib1/get_ASBib_ref.cgi?db=tp&amp;db_id=6298&amp;comment_code=c72&amp;element=Mg&amp;spectr_charge=1&amp;ref=6298&amp;type=,
,11 589.9,,1.83e+04,C+,59 400.763,-,60 263.583,3s7f,3F°,3,3s9d,3D,2,,https://physics.nist.gov/cgi-bin/ASBib1/get_ASBib_ref.cgi?db=tp&amp;db_id=6298&amp;comment_code=c72&amp;element=Mg&amp;spectr_charge=1&amp;ref=6298&amp;type=,
,11 589.9,,2.29e+03,C,59 400.763,-,60 263.583,3s7f,3F°,2,3s9d,3D,2,,https://physics.nist.gov/cgi-bin/ASBib1/get_ASBib_ref.cgi?db=tp&amp;db_id=6298&amp;comment_code=c72&amp;element=Mg&amp;spectr_charge=1&amp;ref=6298&amp;type=,
,11 679.0,,4.78e+03,C,59 707.11,-,60 563.35,3s9s,1S,0,3s11p,1P°,1,,https://physics.nist.gov/cgi-bin/ASBib1/get_ASBib_ref.cgi?db=tp&amp;db_id=6298&amp;comment_code=c72&amp;element=Mg&amp;spectr_charge=1&amp;ref=6298&amp;type=,
11 791.482,11 791.62,40,3.55e+05,B,58 575.477,-,59 423.537,3s6f,1F°,3,3s7g,1G,4,,https://physics.nist.gov/cgi-bin/ASBib1/get_ASBib_ref.cgi?db=tp&amp;db_id=6298&amp;comment_code=c72&amp;element=Mg&amp;spectr_charge=1&amp;ref=6298&amp;type=,https://physics.nist.gov/cgi-bin/ASBib1/get_ASBib_ref.cgi?db=el&amp;db_id=10570&amp;comment_code=&amp;element=Mg&amp;spectr_charge=1&amp;ref=10570&amp;type=
11 791.605,11 792.31,30*,3.25e+05,B,58 575.527,-,59 423.537,3s6f,3F°,2,3s7g,3G,3,,https://physics.nist.gov/cgi-bin/ASBib1/get_ASBib_ref.cgi?db=tp&amp;db_id=6298&amp;comment_code=c72&amp;element=Mg&amp;spectr_charge=1&amp;ref=6298&amp;type=,https://physics.nist.gov/cgi-bin/ASBib1/get_ASBib_ref.cgi?db=el&amp;db_id=10570&amp;comment_code=&amp;element=Mg&amp;spectr_charge=1&amp;ref=10570&amp;type=
11 792.118,11 792.31,50*,3.32e+05,B,58 575.527,-,59 423.537,3s6f,3F°,3,3s7g,3G,4,,https://physics.nist.gov/cgi-bin/ASBib1/get_ASBib_ref.cgi?db=tp&amp;db_id=6298&amp;comment_code=c72&amp;element=Mg&amp;spectr_charge=1&amp;ref=6298&amp;type=,https://physics.nist.gov/cgi-bin/ASBib1/get_ASBib_ref.cgi?db=el&amp;db_id=10570&amp;comment_code=&amp;element=Mg&amp;spectr_charge=1&amp;ref=10570&amp;type=
11 792.118,11 792.31,50*,2.85e+04,B,58 575.527,-,59 423.537,3s6f,3F°,3,3s7g,3G,3,,https://physics.nist.gov/cgi-bin/ASBib1/get_ASBib_ref.cgi?db=tp&amp;db_id=6298&amp;comment_code=c72&amp;element=Mg&amp;spectr_charge=1&amp;ref=6298&amp;type=,https://physics.nist.gov/cgi-bin/ASBib1/get_ASBib_ref.cgi?db=el&amp;db_id=10570&amp;comment_code=&amp;element=Mg&amp;spectr_charge=1&amp;ref=10570&amp;type=
11 792.118,11 792.31,50*,,,58 575.527,-,59 423.537,3s6f,3F°,3,3s7g,1G,4,,,https://physics.nist.gov/cgi-bin/ASBib1/get_ASBib_ref.cgi?db=el&amp;db_id=10570&amp;comment_code=&amp;element=Mg&amp;spectr_charge=1&amp;ref=10570&amp;type=
11 792.301,11 792.31,65*,2.22e+04,B,58 575.527,-,59 423.537,3s6f,3F°,4,3s7g,3G,4,,https://physics.nist.gov/cgi-bin/ASBib1/get_ASBib_ref.cgi?db=tp&amp;db_id=6298&amp;comment_code=c72&amp;element=Mg&amp;spectr_charge=1&amp;ref=6298&amp;type=,https://physics.nist.gov/cgi-bin/ASBib1/get_ASBib_ref.cgi?db=el&amp;db_id=10570&amp;comment_code=&amp;element=Mg&amp;spectr_charge=1&amp;ref=10570&amp;type=
11 792.301,11 792.31,65*,4.34e+02,D+,58 575.527,-,59 423.537,3s6f,3F°,4,3s7g,3G,3,,https://physics.nist.gov/cgi-bin/ASBib1/get_ASBib_ref.cgi?db=tp&amp;db_id=6298&amp;comment_code=c72&amp;element=Mg&amp;spectr_charge=1&amp;ref=6298&amp;type=,https://physics.nist.gov/cgi-bin/ASBib1/get_ASBib_ref.cgi?db=el&amp;db_id=10570&amp;comment_code=&amp;element=Mg&amp;spectr_charge=1&amp;ref=10570&amp;type=
11 792.301,11 792.31,65*,3.54e+05,B,58 575.527,-,59 423.537,3s6f,3F°,4,3s7g,3G,5,,https://physics.nist.gov/cgi-bin/ASBib1/get_ASBib_ref.cgi?db=tp&amp;db_id=6298&amp;comment_code=c72&amp;element=Mg&amp;spectr_charge=1&amp;ref=6298&amp;type=,https://physics.nist.gov/cgi-bin/ASBib1/get_ASBib_ref.cgi?db=el&amp;db_id=10570&amp;comment_code=&amp;element=Mg&amp;spectr_charge=1&amp;ref=10570&amp;type=
11 792.301,11 792.31,65*,,,58 575.527,-,59 423.537,3s6f,3F°,4,3s7g,1G,4,,,https://physics.nist.gov/cgi-bin/ASBib1/get_ASBib_ref.cgi?db=el&amp;db_id=10570&amp;comment_code=&amp;element=Mg&amp;spectr_charge=1&amp;ref=10570&amp;type=
,11 875.02,,1.15e+05,B,58 476.689,-,59 318.793,3s7p,3P°,0,3s7d,3D,1,,https://physics.nist.gov/cgi-bin/ASBib1/get_ASBib_ref.cgi?db=tp&amp;db_id=6298&amp;comment_code=c72&amp;element=Mg&amp;spectr_charge=1&amp;ref=6298&amp;type=,
11 879.52,11 879.94,,1.56e+05,B,58 477.020,-,59 318.775,3s7p,3P°,1,3s7d,3D,2,,https://physics.nist.gov/cgi-bin/ASBib1/get_ASBib_ref.cgi?db=tp&amp;db_id=6298&amp;comment_code=c72&amp;element=Mg&amp;spectr_charge=1&amp;ref=6298&amp;type=,https://physics.nist.gov/cgi-bin/ASBib1/get_ASBib_ref.cgi?db=el&amp;db_id=10570&amp;comment_code=&amp;element=Mg&amp;spectr_charge=1&amp;ref=10570&amp;type=
,11 879.7,,8.65e+04,B,58 477.020,-,59 318.793,3s7p,3P°,1,3s7d,3D,1,,https://physics.nist.gov/cgi-bin/ASBib1/get_ASBib_ref.cgi?db=tp&amp;db_id=6298&amp;comment_code=c72&amp;element=Mg&amp;spectr_charge=1&amp;ref=6298&amp;type=,
11 890.31,11 890.14,4*,5.75e+03,C,58 477.760,-,59 318.793,3s7p,3P°,2,3s7d,3D,1,,https://physics.nist.gov/cgi-bin/ASBib1/get_ASBib_ref.cgi?db=tp&amp;db_id=6298&amp;comment_code=c72&amp;element=Mg&amp;spectr_charge=1&amp;ref=6298&amp;type=,https://physics.nist.gov/cgi-bin/ASBib1/get_ASBib_ref.cgi?db=el&amp;db_id=6002&amp;comment_code=&amp;element=Mg&amp;spectr_charge=1&amp;ref=6002&amp;type=
11 890.31,11 890.39,4*,5.19e+04,B,58 477.760,-,59 318.775,3s7p,3P°,2,3s7d,3D,2,,https://physics.nist.gov/cgi-bin/ASBib1/get_ASBib_ref.cgi?db=tp&amp;db_id=6298&amp;comment_code=c72&amp;element=Mg&amp;spectr_charge=1&amp;ref=6298&amp;type=,https://physics.nist.gov/cgi-bin/ASBib1/get_ASBib_ref.cgi?db=el&amp;db_id=6002&amp;comment_code=&amp;element=Mg&amp;spectr_charge=1&amp;ref=6002&amp;type=
11 890.31,11 890.55,4*,2.07e+05,B,58 477.760,-,59 318.764,3s7p,3P°,2,3s7d,3D,3,,https://physics.nist.gov/cgi-bin/ASBib1/get_ASBib_ref.cgi?db=tp&amp;db_id=6298&amp;comment_code=c72&amp;element=Mg&amp;spectr_charge=1&amp;ref=6298&amp;type=,https://physics.nist.gov/cgi-bin/ASBib1/get_ASBib_ref.cgi?db=el&amp;db_id=6002&amp;comment_code=&amp;element=Mg&amp;spectr_charge=1&amp;ref=6002&amp;type=
11 931.2,11 931.24,,8.67e+04,B,57 017.078,-,57 855.214,3s6p,3P°,0,3s7s,3S,1,,https://physics.nist.gov/cgi-bin/ASBib1/get_ASBib_ref.cgi?db=tp&amp;db_id=6298&amp;comment_code=c72&amp;element=Mg&amp;spectr_charge=1&amp;ref=6298&amp;type=,https://physics.nist.gov/cgi-bin/ASBib1/get_ASBib_ref.cgi?db=el&amp;db_id=10070&amp;comment_code=&amp;element=Mg&amp;spectr_charge=1&amp;ref=10070&amp;type=
11 940.293,11 940.44,,2.60e+05,B,57 017.724,-,57 855.214,3s6p,3P°,1,3s7s,3S,1,,https://physics.nist.gov/cgi-bin/ASBib1/get_ASBib_ref.cgi?db=tp&amp;db_id=6298&amp;comment_code=c72&amp;element=Mg&amp;spectr_charge=1&amp;ref=6298&amp;type=,https://physics.nist.gov/cgi-bin/ASBib1/get_ASBib_ref.cgi?db=el&amp;db_id=10570&amp;comment_code=&amp;element=Mg&amp;spectr_charge=1&amp;ref=10570&amp;type=
11 959.069,11 959.02,,4.31e+05,B,57 019.025,-,57 855.214,3s6p,3P°,2,3s7s,3S,1,,https://physics.nist.gov/cgi-bin/ASBib1/get_ASBib_ref.cgi?db=tp&amp;db_id=6298&amp;comment_code=c72&amp;element=Mg&amp;spectr_charge=1&amp;ref=6298&amp;type=,https://physics.nist.gov/cgi-bin/ASBib1/get_ASBib_ref.cgi?db=el&amp;db_id=10570&amp;comment_code=&amp;element=Mg&amp;spectr_charge=1&amp;ref=10570&amp;type=
12 208.440,12 208.77,,2.02e+05,B+,57 204.163,-,58 023.246,3s5f,1F°,3,3s6d,1D,2,,https://physics.nist.gov/cgi-bin/ASBib1/get_ASBib_ref.cgi?db=tp&amp;db_id=6298&amp;comment_code=c72&amp;element=Mg&amp;spectr_charge=1&amp;ref=6298&amp;type=,https://physics.nist.gov/cgi-bin/ASBib1/get_ASBib_ref.cgi?db=el&amp;db_id=10570&amp;comment_code=&amp;element=Mg&amp;spectr_charge=1&amp;ref=10570&amp;type=
12 321.72,12 321.72,55,,,58 618.942,-,59 430.517,3s6h,H°,,3s7i,I,,,,https://physics.nist.gov/cgi-bin/ASBib1/get_ASBib_ref.cgi?db=el&amp;db_id=6002&amp;comment_code=&amp;element=Mg&amp;spectr_charge=1&amp;ref=6002&amp;type=
,12 372.3,,4.60e+05,B+,57 214.992,-,58 023.246,3s6p,1P°,1,3s6d,1D,2,,https://physics.nist.gov/cgi-bin/ASBib1/get_ASBib_ref.cgi?db=tp&amp;db_id=6298&amp;comment_code=c72&amp;element=Mg&amp;spectr_charge=1&amp;ref=6298&amp;type=,
12 588.43,12 587.8,2,7.26e+05,B,57 214.992,-,58 009.41,3s6p,1P°,1,3s7s,1S,0,,https://physics.nist.gov/cgi-bin/ASBib1/get_ASBib_ref.cgi?db=tp&amp;db_id=6298&amp;comment_code=c72&amp;element=Mg&amp;spectr_charge=1&amp;ref=6298&amp;type=,https://physics.nist.gov/cgi-bin/ASBib1/get_ASBib_ref.cgi?db=el&amp;db_id=6002&amp;comment_code=&amp;element=Mg&amp;spectr_charge=1&amp;ref=6002&amp;type=
,12 658.7,,1.76e+04,B,58 610.795,-,59 400.763,3s6g,1G,4,3s7f,1F°,3,,https://physics.nist.gov/cgi-bin/ASBib1/get_ASBib_ref.cgi?db=tp&amp;db_id=6298&amp;comment_code=c72&amp;element=Mg&amp;spectr_charge=1&amp;ref=6298&amp;type=,
,12 658.7,,8.57e+02,C,58 610.795,-,59 400.763,3s6g,3G,4,3s7f,3F°,4,,https://physics.nist.gov/cgi-bin/ASBib1/get_ASBib_ref.cgi?db=tp&amp;db_id=6298&amp;comment_code=c72&amp;element=Mg&amp;spectr_charge=1&amp;ref=6298&amp;type=,
,12 658.7,,1.30e+01,E,58 610.795,-,59 400.763,3s6g,3G,3,3s7f,3F°,4,,https://physics.nist.gov/cgi-bin/ASBib1/get_ASBib_ref.cgi?db=tp&amp;db_id=6298&amp;comment_code=c72&amp;element=Mg&amp;spectr_charge=1&amp;ref=6298&amp;type=,
,12 658.7,,1.76e+04,B,58 610.795,-,59 400.763,3s6g,3G,3,3s7f,3F°,2,,https://physics.nist.gov/cgi-bin/ASBib1/get_ASBib_ref.cgi?db=tp&amp;db_id=6298&amp;comment_code=c72&amp;element=Mg&amp;spectr_charge=1&amp;ref=6298&amp;type=,
,12 658.7,,1.65e+04,B,58 610.795,-,59 400.763,3s6g,3G,4,3s7f,3F°,3,,https://physics.nist.gov/cgi-bin/ASBib1/get_ASBib_ref.cgi?db=tp&amp;db_id=6298&amp;comment_code=c72&amp;element=Mg&amp;spectr_charge=1&amp;ref=6298&amp;type=,
,12 658.7,,1.10e+03,C,58 610.795,-,59 400.763,3s6g,3G,3,3s7f,3F°,3,,https://physics.nist.gov/cgi-bin/ASBib1/get_ASBib_ref.cgi?db=tp&amp;db_id=6298&amp;comment_code=c72&amp;element=Mg&amp;spectr_charge=1&amp;ref=6298&amp;type=,
,12 658.7,,1.67e+04,B,58 610.795,-,59 400.763,3s6g,3G,5,3s7f,3F°,4,,https://physics.nist.gov/cgi-bin/ASBib1/get_ASBib_ref.cgi?db=tp&amp;db_id=6298&amp;comment_code=c72&amp;element=Mg&amp;spectr_charge=1&amp;ref=6298&amp;type=,
,13 132.1,,3.50e+04,B,59 342.51,-,60 104.00,3s8p,3P°,2,3s10s,3S,1,,https://physics.nist.gov/cgi-bin/ASBib1/get_ASBib_ref.cgi?db=tp&amp;db_id=6298&amp;comment_code=c72&amp;element=Mg&amp;spectr_charge=1&amp;ref=6298&amp;type=,
,13 132.1,,2.10e+04,C+,59 342.51,-,60 104.00,3s8p,3P°,1,3s10s,3S,1,,https://physics.nist.gov/cgi-bin/ASBib1/get_ASBib_ref.cgi?db=tp&amp;db_id=6298&amp;comment_code=c72&amp;element=Mg&amp;spectr_charge=1&amp;ref=6298&amp;type=,
,13 132.1,,7.00e+03,C+,59 342.51,-,60 104.00,3s8p,3P°,0,3s10s,3S,1,,https://physics.nist.gov/cgi-bin/ASBib1/get_ASBib_ref.cgi?db=tp&amp;db_id=6298&amp;comment_code=c72&amp;element=Mg&amp;spectr_charge=1&amp;ref=6298&amp;type=,
13 453.180,13 454.13,20,6.07e+04,B,58 575.527,-,59 318.793,3s6f,3F°,2,3s7d,3D,1,,https://physics.nist.gov/cgi-bin/ASBib1/get_ASBib_ref.cgi?db=tp&amp;db_id=6298&amp;comment_code=c72&amp;element=Mg&amp;spectr_charge=1&amp;ref=6298&amp;type=,https://physics.nist.gov/cgi-bin/ASBib1/get_ASBib_ref.cgi?db=el&amp;db_id=10570&amp;comment_code=&amp;element=Mg&amp;spectr_charge=1&amp;ref=10570&amp;type=
13 454.065,13 454.46,15,5.42e+04,B,58 575.527,-,59 318.775,3s6f,3F°,3,3s7d,3D,2,,https://physics.nist.gov/cgi-bin/ASBib1/get_ASBib_ref.cgi?db=tp&amp;db_id=6298&amp;comment_code=c72&amp;element=Mg&amp;spectr_charge=1&amp;ref=6298&amp;type=,https://physics.nist.gov/cgi-bin/ASBib1/get_ASBib_ref.cgi?db=el&amp;db_id=10570&amp;comment_code=&amp;element=Mg&amp;spectr_charge=1&amp;ref=10570&amp;type=
,13 454.5,,6.78e+03,C+,58 575.527,-,59 318.775,3s6f,3F°,2,3s7d,3D,2,,https://physics.nist.gov/cgi-bin/ASBib1/get_ASBib_ref.cgi?db=tp&amp;db_id=6298&amp;comment_code=c72&amp;element=Mg&amp;spectr_charge=1&amp;ref=6298&amp;type=,
13 454.528,13 454.66,40,5.59e+04,B,58 575.527,-,59 318.764,3s6f,3F°,4,3s7d,3D,3,,https://physics.nist.gov/cgi-bin/ASBib1/get_ASBib_ref.cgi?db=tp&amp;db_id=6298&amp;comment_code=c72&amp;element=Mg&amp;spectr_charge=1&amp;ref=6298&amp;type=,https://physics.nist.gov/cgi-bin/ASBib1/get_ASBib_ref.cgi?db=el&amp;db_id=10570&amp;comment_code=&amp;element=Mg&amp;spectr_charge=1&amp;ref=10570&amp;type=
,13 454.7,,1.36e+02,D,58 575.527,-,59 318.764,3s6f,3F°,2,3s7d,3D,3,,https://physics.nist.gov/cgi-bin/ASBib1/get_ASBib_ref.cgi?db=tp&amp;db_id=6298&amp;comment_code=c72&amp;element=Mg&amp;spectr_charge=1&amp;ref=6298&amp;type=,
,13 454.7,,4.83e+03,C+,58 575.527,-,59 318.764,3s6f,3F°,3,3s7d,3D,3,,https://physics.nist.gov/cgi-bin/ASBib1/get_ASBib_ref.cgi?db=tp&amp;db_id=6298&amp;comment_code=c72&amp;element=Mg&amp;spectr_charge=1&amp;ref=6298&amp;type=,
,13 512.6,,6.26e+04,C+,59 403.18,-,60 143.23,3s8p,1P°,1,3s10s,1S,0,,https://physics.nist.gov/cgi-bin/ASBib1/get_ASBib_ref.cgi?db=tp&amp;db_id=6298&amp;comment_code=c72&amp;element=Mg&amp;spectr_charge=1&amp;ref=6298&amp;type=,
,13 765.1,,2.18e+04,B,59 400.763,-,60 127.239,3s7f,1F°,3,3s9d,1D,2,,https://physics.nist.gov/cgi-bin/ASBib1/get_ASBib_ref.cgi?db=tp&amp;db_id=6298&amp;comment_code=c72&amp;element=Mg&amp;spectr_charge=1&amp;ref=6298&amp;type=,
,13 811.0,,9.92e+03,C+,59 403.18,-,60 127.239,3s8p,1P°,1,3s9d,1D,2,,https://physics.nist.gov/cgi-bin/ASBib1/get_ASBib_ref.cgi?db=tp&amp;db_id=6298&amp;comment_code=c72&amp;element=Mg&amp;spectr_charge=1&amp;ref=6298&amp;type=,
,14 674.2,,1.34e+02,D,59 881.168,-,60 562.637,3s8d,3D,3,3s10f,3F°,2,,https://physics.nist.gov/cgi-bin/ASBib1/get_ASBib_ref.cgi?db=tp&amp;db_id=6298&amp;comment_code=c72&amp;element=Mg&amp;spectr_charge=1&amp;ref=6298&amp;type=,
,14 674.2,,3.04e+04,B,59 881.168,-,60 562.637,3s8d,3D,3,3s10f,3F°,4,,https://physics.nist.gov/cgi-bin/ASBib1/get_ASBib_ref.cgi?db=tp&amp;db_id=6298&amp;comment_code=c72&amp;element=Mg&amp;spectr_charge=1&amp;ref=6298&amp;type=,
,14 674.2,,3.38e+03,C+,59 881.168,-,60 562.637,3s8d,3D,3,3s10f,3F°,3,,https://physics.nist.gov/cgi-bin/ASBib1/get_ASBib_ref.cgi?db=tp&amp;db_id=6298&amp;comment_code=c72&amp;element=Mg&amp;spectr_charge=1&amp;ref=6298&amp;type=,
,14 674.5,,2.70e+04,B,59 881.181,-,60 562.637,3s8d,3D,2,3s10f,3F°,3,,https://physics.nist.gov/cgi-bin/ASBib1/get_ASBib_ref.cgi?db=tp&amp;db_id=6298&amp;comment_code=c72&amp;element=Mg&amp;spectr_charge=1&amp;ref=6298&amp;type=,
,14 674.5,,4.74e+03,C+,59 881.181,-,60 562.637,3s8d,3D,2,3s10f,3F°,2,,https://physics.nist.gov/cgi-bin/ASBib1/get_ASBib_ref.cgi?db=tp&amp;db_id=6298&amp;comment_code=c72&amp;element=Mg&amp;spectr_charge=1&amp;ref=6298&amp;type=,
,14 674.8,,2.55e+04,B,59 881.196,-,60 562.637,3s8d,3D,1,3s10f,3F°,2,,https://physics.nist.gov/cgi-bin/ASBib1/get_ASBib_ref.cgi?db=tp&amp;db_id=6298&amp;comment_code=c72&amp;element=Mg&amp;spectr_charge=1&amp;ref=6298&amp;type=,
,15 686.8,,2.46e+04,B,59 897.86,-,60 535.34,3s9p,3P°,1,3s10d,3D,2,,https://physics.nist.gov/cgi-bin/ASBib1/get_ASBib_ref.cgi?db=tp&amp;db_id=6298&amp;comment_code=c72&amp;element=Mg&amp;spectr_charge=1&amp;ref=6298&amp;type=,
,15 686.8,,1.36e+04,C+,59 897.86,-,60 535.34,3s9p,3P°,1,3s10d,3D,1,,https://physics.nist.gov/cgi-bin/ASBib1/get_ASBib_ref.cgi?db=tp&amp;db_id=6298&amp;comment_code=c72&amp;element=Mg&amp;spectr_charge=1&amp;ref=6298&amp;type=,
,15 686.8,,1.82e+04,B,59 897.86,-,60 535.34,3s9p,3P°,0,3s10d,3D,1,,https://physics.nist.gov/cgi-bin/ASBib1/get_ASBib_ref.cgi?db=tp&amp;db_id=6298&amp;comment_code=c72&amp;element=Mg&amp;spectr_charge=1&amp;ref=6298&amp;type=,
,15 686.8,,9.08e+02,C,59 897.86,-,60 535.34,3s9p,3P°,2,3s10d,3D,1,,https://physics.nist.gov/cgi-bin/ASBib1/get_ASBib_ref.cgi?db=tp&amp;db_id=6298&amp;comment_code=c72&amp;element=Mg&amp;spectr_charge=1&amp;ref=6298&amp;type=,
,15 686.8,,3.27e+04,B,59 897.86,-,60 535.34,3s9p,3P°,2,3s10d,3D,3,,https://physics.nist.gov/cgi-bin/ASBib1/get_ASBib_ref.cgi?db=tp&amp;db_id=6298&amp;comment_code=c72&amp;element=Mg&amp;spectr_charge=1&amp;ref=6298&amp;type=,
,15 686.8,,8.19e+03,C+,59 897.86,-,60 535.34,3s9p,3P°,2,3s10d,3D,2,,https://physics.nist.gov/cgi-bin/ASBib1/get_ASBib_ref.cgi?db=tp&amp;db_id=6298&amp;comment_code=c72&amp;element=Mg&amp;spectr_charge=1&amp;ref=6298&amp;type=,
,16 063.1,,2.28e+05,B,57 855.214,-,58 477.760,3s7s,3S,1,3s7p,3P°,2,,https://physics.nist.gov/cgi-bin/ASBib1/get_ASBib_ref.cgi?db=tp&amp;db_id=6298&amp;comment_code=c72&amp;element=Mg&amp;spectr_charge=1&amp;ref=6298&amp;type=,
,16 082.2,,2.28e+05,B,57 855.214,-,58 477.020,3s7s,3S,1,3s7p,3P°,1,,https://physics.nist.gov/cgi-bin/ASBib1/get_ASBib_ref.cgi?db=tp&amp;db_id=6298&amp;comment_code=c72&amp;element=Mg&amp;spectr_charge=1&amp;ref=6298&amp;type=,
,16 090.8,,2.27e+05,B,57 855.214,-,58 476.689,3s7s,3S,1,3s7p,3P°,0,,https://physics.nist.gov/cgi-bin/ASBib1/get_ASBib_ref.cgi?db=tp&amp;db_id=6298&amp;comment_code=c72&amp;element=Mg&amp;spectr_charge=1&amp;ref=6298&amp;type=,
,16 217.8,,7.57e+04,B,59 318.764,-,59 935.370,3s7d,3D,3,3s8f,3F°,4,,https://physics.nist.gov/cgi-bin/ASBib1/get_ASBib_ref.cgi?db=tp&amp;db_id=6298&amp;comment_code=c72&amp;element=Mg&amp;spectr_charge=1&amp;ref=6298&amp;type=,
,16 217.8,,8.45e+03,B,59 318.764,-,59 935.370,3s7d,3D,3,3s8f,3F°,3,,https://physics.nist.gov/cgi-bin/ASBib1/get_ASBib_ref.cgi?db=tp&amp;db_id=6298&amp;comment_code=c72&amp;element=Mg&amp;spectr_charge=1&amp;ref=6298&amp;type=,
,16 217.8,,3.33e+02,D+,59 318.764,-,59 935.370,3s7d,3D,3,3s8f,3F°,2,,https://physics.nist.gov/cgi-bin/ASBib1/get_ASBib_ref.cgi?db=tp&amp;db_id=6298&amp;comment_code=c72&amp;element=Mg&amp;spectr_charge=1&amp;ref=6298&amp;type=,
,16 218.1,,6.74e+04,B,59 318.775,-,59 935.370,3s7d,3D,2,3s8f,3F°,3,,https://physics.nist.gov/cgi-bin/ASBib1/get_ASBib_ref.cgi?db=tp&amp;db_id=6298&amp;comment_code=c72&amp;element=Mg&amp;spectr_charge=1&amp;ref=6298&amp;type=,
,16 218.1,,1.18e+04,B,59 318.775,-,59 935.370,3s7d,3D,2,3s8f,3F°,2,,https://physics.nist.gov/cgi-bin/ASBib1/get_ASBib_ref.cgi?db=tp&amp;db_id=6298&amp;comment_code=c72&amp;element=Mg&amp;spectr_charge=1&amp;ref=6298&amp;type=,
,16 218.6,,6.36e+04,B,59 318.793,-,59 935.370,3s7d,3D,1,3s8f,3F°,2,,https://physics.nist.gov/cgi-bin/ASBib1/get_ASBib_ref.cgi?db=tp&amp;db_id=6298&amp;comment_code=c72&amp;element=Mg&amp;spectr_charge=1&amp;ref=6298&amp;type=,
,16 331.6,,2.66e+04,B,59 689.991,-,60 302.30,3s8d,1D,2,3s10p,1P°,1,,https://physics.nist.gov/cgi-bin/ASBib1/get_ASBib_ref.cgi?db=tp&amp;db_id=6298&amp;comment_code=c72&amp;element=Mg&amp;spectr_charge=1&amp;ref=6298&amp;type=,
,16 346,,2.43e+02,C,59 950.87,-,60 562.637,3s8g,3G,4,3s10f,3F°,4,,https://physics.nist.gov/cgi-bin/ASBib1/get_ASBib_ref.cgi?db=tp&amp;db_id=6298&amp;comment_code=c72&amp;element=Mg&amp;spectr_charge=1&amp;ref=6298&amp;type=,
,16 346,,4.76e+03,B,59 950.87,-,60 562.637,3s8g,3G,5,3s10f,3F°,4,,https://physics.nist.gov/cgi-bin/ASBib1/get_ASBib_ref.cgi?db=tp&amp;db_id=6298&amp;comment_code=c72&amp;element=Mg&amp;spectr_charge=1&amp;ref=6298&amp;type=,
,16 346,,4.97e+03,C+,59 950.87,-,60 562.637,3s8g,1G,4,3s10f,1F°,3,,https://physics.nist.gov/cgi-bin/ASBib1/get_ASBib_ref.cgi?db=tp&amp;db_id=6298&amp;comment_code=c72&amp;element=Mg&amp;spectr_charge=1&amp;ref=6298&amp;type=,
,16 346,,4.69e+03,C+,59 950.87,-,60 562.637,3s8g,3G,4,3s10f,3F°,3,,https://physics.nist.gov/cgi-bin/ASBib1/get_ASBib_ref.cgi?db=tp&amp;db_id=6298&amp;comment_code=c72&amp;element=Mg&amp;spectr_charge=1&amp;ref=6298&amp;type=,
,16 358.8,,9.03e+03,B,59 689.991,-,60 301.283,3s8d,1D,2,3s9f,1F°,3,,https://physics.nist.gov/cgi-bin/ASBib1/get_ASBib_ref.cgi?db=tp&amp;db_id=6298&amp;comment_code=c72&amp;element=Mg&amp;spectr_charge=1&amp;ref=6298&amp;type=,
,16 667.5,,1.22e+04,B,59 935.370,-,60 535.34,3s8f,3F°,4,3s10d,3D,3,,https://physics.nist.gov/cgi-bin/ASBib1/get_ASBib_ref.cgi?db=tp&amp;db_id=6298&amp;comment_code=c72&amp;element=Mg&amp;spectr_charge=1&amp;ref=6298&amp;type=,
,16 667.5,,1.05e+03,C,59 935.370,-,60 535.34,3s8f,3F°,3,3s10d,3D,3,,https://physics.nist.gov/cgi-bin/ASBib1/get_ASBib_ref.cgi?db=tp&amp;db_id=6298&amp;comment_code=c72&amp;element=Mg&amp;spectr_charge=1&amp;ref=6298&amp;type=,
,16 667.5,,1.18e+04,B,59 935.370,-,60 535.34,3s8f,3F°,3,3s10d,3D,2,,https://physics.nist.gov/cgi-bin/ASBib1/get_ASBib_ref.cgi?db=tp&amp;db_id=6298&amp;comment_code=c72&amp;element=Mg&amp;spectr_charge=1&amp;ref=6298&amp;type=,
,16 667.5,,1.47e+03,C,59 935.370,-,60 535.34,3s8f,3F°,2,3s10d,3D,2,,https://physics.nist.gov/cgi-bin/ASBib1/get_ASBib_ref.cgi?db=tp&amp;db_id=6298&amp;comment_code=c72&amp;element=Mg&amp;spectr_charge=1&amp;ref=6298&amp;type=,
,16 667.5,,1.32e+04,B,59 935.370,-,60 535.34,3s8f,3F°,2,3s10d,3D,1,,https://physics.nist.gov/cgi-bin/ASBib1/get_ASBib_ref.cgi?db=tp&amp;db_id=6298&amp;comment_code=c72&amp;element=Mg&amp;spectr_charge=1&amp;ref=6298&amp;type=,
,16 667.5,,2.97e+01,E,59 935.370,-,60 535.34,3s8f,3F°,2,3s10d,3D,3,,https://physics.nist.gov/cgi-bin/ASBib1/get_ASBib_ref.cgi?db=tp&amp;db_id=6298&amp;comment_code=c72&amp;element=Mg&amp;spectr_charge=1&amp;ref=6298&amp;type=,
,16 801.4,,1.00e+04,C+,59 707.11,-,60 302.30,3s9s,1S,0,3s10p,1P°,1,,https://physics.nist.gov/cgi-bin/ASBib1/get_ASBib_ref.cgi?db=tp&amp;db_id=6298&amp;comment_code=c72&amp;element=Mg&amp;spectr_charge=1&amp;ref=6298&amp;type=,
,17 268.3,,2.09e+04,B,59 318.764,-,59 897.86,3s7d,3D,3,3s9p,3P°,2,,https://physics.nist.gov/cgi-bin/ASBib1/get_ASBib_ref.cgi?db=tp&amp;db_id=6298&amp;comment_code=c72&amp;element=Mg&amp;spectr_charge=1&amp;ref=6298&amp;type=,
,17 268.6,,1.86e+04,B,59 318.775,-,59 897.86,3s7d,3D,2,3s9p,3P°,1,,https://physics.nist.gov/cgi-bin/ASBib1/get_ASBib_ref.cgi?db=tp&amp;db_id=6298&amp;comment_code=c72&amp;element=Mg&amp;spectr_charge=1&amp;ref=6298&amp;type=,
,17 268.6,,3.74e+03,C+,59 318.775,-,59 897.86,3s7d,3D,2,3s9p,3P°,2,,https://physics.nist.gov/cgi-bin/ASBib1/get_ASBib_ref.cgi?db=tp&amp;db_id=6298&amp;comment_code=c72&amp;element=Mg&amp;spectr_charge=1&amp;ref=6298&amp;type=,
,17 269.2,,6.22e+03,C+,59 318.793,-,59 897.86,3s7d,3D,1,3s9p,3P°,1,,https://physics.nist.gov/cgi-bin/ASBib1/get_ASBib_ref.cgi?db=tp&amp;db_id=6298&amp;comment_code=c72&amp;element=Mg&amp;spectr_charge=1&amp;ref=6298&amp;type=,
,17 269.2,,2.48e+04,C+,59 318.793,-,59 897.86,3s7d,3D,1,3s9p,3P°,0,,https://physics.nist.gov/cgi-bin/ASBib1/get_ASBib_ref.cgi?db=tp&amp;db_id=6298&amp;comment_code=c72&amp;element=Mg&amp;spectr_charge=1&amp;ref=6298&amp;type=,
,17 269.2,,2.48e+02,D+,59 318.793,-,59 897.86,3s7d,3D,1,3s9p,3P°,2,,https://physics.nist.gov/cgi-bin/ASBib1/get_ASBib_ref.cgi?db=tp&amp;db_id=6298&amp;comment_code=c72&amp;element=Mg&amp;spectr_charge=1&amp;ref=6298&amp;type=,
,17 518.7,,1.91e+05,B,58 009.41,-,58 580.23,3s7s,1S,0,3s7p,1P°,1,,https://physics.nist.gov/cgi-bin/ASBib1/get_ASBib_ref.cgi?db=tp&amp;db_id=6298&amp;comment_code=c72&amp;element=Mg&amp;spectr_charge=1&amp;ref=6298&amp;type=,
,17 954,,1.94e+05,B,58 023.246,-,58 580.23,3s6d,1D,2,3s7p,1P°,1,,https://physics.nist.gov/cgi-bin/ASBib1/get_ASBib_ref.cgi?db=tp&amp;db_id=6298&amp;comment_code=c72&amp;element=Mg&amp;spectr_charge=1&amp;ref=6298&amp;type=,
,18 108.4,,2.38e+05,B+,58 023.246,-,58 575.477,3s6d,1D,2,3s6f,1F°,3,,https://physics.nist.gov/cgi-bin/ASBib1/get_ASBib_ref.cgi?db=tp&amp;db_id=6298&amp;comment_code=c72&amp;element=Mg&amp;spectr_charge=1&amp;ref=6298&amp;type=,
,18 178.3,,1.32e+05,B,59 400.763,-,59 950.87,3s7f,3F°,3,3s8g,3G,4,,https://physics.nist.gov/cgi-bin/ASBib1/get_ASBib_ref.cgi?db=tp&amp;db_id=6298&amp;comment_code=c72&amp;element=Mg&amp;spectr_charge=1&amp;ref=6298&amp;type=,
,18 178.3,,8.82e+03,B,59 400.763,-,59 950.87,3s7f,3F°,4,3s8g,3G,4,,https://physics.nist.gov/cgi-bin/ASBib1/get_ASBib_ref.cgi?db=tp&amp;db_id=6298&amp;comment_code=c72&amp;element=Mg&amp;spectr_charge=1&amp;ref=6298&amp;type=,
,18 178.3,,1.41e+05,B,59 400.763,-,59 950.87,3s7f,3F°,4,3s8g,3G,5,,https://physics.nist.gov/cgi-bin/ASBib1/get_ASBib_ref.cgi?db=tp&amp;db_id=6298&amp;comment_code=c72&amp;element=Mg&amp;spectr_charge=1&amp;ref=6298&amp;type=,
,18 178.3,,1.41e+05,B,59 400.763,-,59 950.87,3s7f,1F°,3,3s8g,1G,4,,https://physics.nist.gov/cgi-bin/ASBib1/get_ASBib_ref.cgi?db=tp&amp;db_id=6298&amp;comment_code=c72&amp;element=Mg&amp;spectr_charge=1&amp;ref=6298&amp;type=,
,18 563.7,,3.77e+04,B,59 342.51,-,59 881.196,3s8p,3P°,1,3s8d,3D,1,,https://physics.nist.gov/cgi-bin/ASBib1/get_ASBib_ref.cgi?db=tp&amp;db_id=6298&amp;comment_code=c72&amp;element=Mg&amp;spectr_charge=1&amp;ref=6298&amp;type=,
,18 563.7,,5.05e+04,B,59 342.51,-,59 881.196,3s8p,3P°,0,3s8d,3D,1,,https://physics.nist.gov/cgi-bin/ASBib1/get_ASBib_ref.cgi?db=tp&amp;db_id=6298&amp;comment_code=c72&amp;element=Mg&amp;spectr_charge=1&amp;ref=6298&amp;type=,
,18 563.7,,2.52e+03,C+,59 342.51,-,59 881.196,3s8p,3P°,2,3s8d,3D,1,,https://physics.nist.gov/cgi-bin/ASBib1/get_ASBib_ref.cgi?db=tp&amp;db_id=6298&amp;comment_code=c72&amp;element=Mg&amp;spectr_charge=1&amp;ref=6298&amp;type=,
,18 564.2,,6.81e+04,B,59 342.51,-,59 881.181,3s8p,3P°,1,3s8d,3D,2,,https://physics.nist.gov/cgi-bin/ASBib1/get_ASBib_ref.cgi?db=tp&amp;db_id=6298&amp;comment_code=c72&amp;element=Mg&amp;spectr_charge=1&amp;ref=6298&amp;type=,
,18 564.2,,2.26e+04,B,59 342.51,-,59 881.181,3s8p,3P°,2,3s8d,3D,2,,https://physics.nist.gov/cgi-bin/ASBib1/get_ASBib_ref.cgi?db=tp&amp;db_id=6298&amp;comment_code=c72&amp;element=Mg&amp;spectr_charge=1&amp;ref=6298&amp;type=,
,18 564.7,,9.08e+04,B,59 342.51,-,59 881.168,3s8p,3P°,2,3s8d,3D,3,,https://physics.nist.gov/cgi-bin/ASBib1/get_ASBib_ref.cgi?db=tp&amp;db_id=6298&amp;comment_code=c72&amp;element=Mg&amp;spectr_charge=1&amp;ref=6298&amp;type=,
,19 120.1,,1.13e+04,B,59 897.86,-,60 420.87,3s9p,3P°,1,3s11s,3S,1,,https://physics.nist.gov/cgi-bin/ASBib1/get_ASBib_ref.cgi?db=tp&amp;db_id=6298&amp;comment_code=c72&amp;element=Mg&amp;spectr_charge=1&amp;ref=6298&amp;type=,
,19 120.1,,3.76e+03,C+,59 897.86,-,60 420.87,3s9p,3P°,0,3s11s,3S,1,,https://physics.nist.gov/cgi-bin/ASBib1/get_ASBib_ref.cgi?db=tp&amp;db_id=6298&amp;comment_code=c72&amp;element=Mg&amp;spectr_charge=1&amp;ref=6298&amp;type=,
,19 120.1,,1.88e+04,B,59 897.86,-,60 420.87,3s9p,3P°,2,3s11s,3S,1,,https://physics.nist.gov/cgi-bin/ASBib1/get_ASBib_ref.cgi?db=tp&amp;db_id=6298&amp;comment_code=c72&amp;element=Mg&amp;spectr_charge=1&amp;ref=6298&amp;type=,
,19 537.6,,1.22e+04,B,59 423.537,-,59 935.370,3s7g,3G,4,3s8f,3F°,3,,https://physics.nist.gov/cgi-bin/ASBib1/get_ASBib_ref.cgi?db=tp&amp;db_id=6298&amp;comment_code=c72&amp;element=Mg&amp;spectr_charge=1&amp;ref=6298&amp;type=,
,19 537.6,,8.13e+02,C,59 423.537,-,59 935.370,3s7g,3G,3,3s8f,3F°,3,,https://physics.nist.gov/cgi-bin/ASBib1/get_ASBib_ref.cgi?db=tp&amp;db_id=6298&amp;comment_code=c72&amp;element=Mg&amp;spectr_charge=1&amp;ref=6298&amp;type=,
,19 537.6,,1.30e+04,B,59 423.537,-,59 935.370,3s7g,3G,3,3s8f,3F°,2,,https://physics.nist.gov/cgi-bin/ASBib1/get_ASBib_ref.cgi?db=tp&amp;db_id=6298&amp;comment_code=c72&amp;element=Mg&amp;spectr_charge=1&amp;ref=6298&amp;type=,
,19 537.6,,9.62e+00,E,59 423.537,-,59 935.370,3s7g,3G,3,3s8f,3F°,4,,https://physics.nist.gov/cgi-bin/ASBib1/get_ASBib_ref.cgi?db=tp&amp;db_id=6298&amp;comment_code=c72&amp;element=Mg&amp;spectr_charge=1&amp;ref=6298&amp;type=,
,19 537.6,,1.23e+04,B,59 423.537,-,59 935.370,3s7g,3G,5,3s8f,3F°,4,,https://physics.nist.gov/cgi-bin/ASBib1/get_ASBib_ref.cgi?db=tp&amp;db_id=6298&amp;comment_code=c72&amp;element=Mg&amp;spectr_charge=1&amp;ref=6298&amp;type=,
,19 537.6,,6.33e+02,C,59 423.537,-,59 935.370,3s7g,3G,4,3s8f,3F°,4,,https://physics.nist.gov/cgi-bin/ASBib1/get_ASBib_ref.cgi?db=tp&amp;db_id=6298&amp;comment_code=c72&amp;element=Mg&amp;spectr_charge=1&amp;ref=6298&amp;type=,
,19 537.6,,1.29e+04,B,59 423.537,-,59 935.370,3s7g,1G,4,3s8f,1F°,3,,https://physics.nist.gov/cgi-bin/ASBib1/get_ASBib_ref.cgi?db=tp&amp;db_id=6298&amp;comment_code=c72&amp;element=Mg&amp;spectr_charge=1&amp;ref=6298&amp;type=,
,20 010.8,,1.24e+04,B,59 935.370,-,60 435.099,3s8f,1F°,3,3s10d,1D,2,,https://physics.nist.gov/cgi-bin/ASBib1/get_ASBib_ref.cgi?db=tp&amp;db_id=6298&amp;comment_code=c72&amp;element=Mg&amp;spectr_charge=1&amp;ref=6298&amp;type=,
,20 061,,5.66e+03,B,59 936.63,-,60 435.099,3s9p,1P°,1,3s10d,1D,2,,https://physics.nist.gov/cgi-bin/ASBib1/get_ASBib_ref.cgi?db=tp&amp;db_id=6298&amp;comment_code=c72&amp;element=Mg&amp;spectr_charge=1&amp;ref=6298&amp;type=,
,20 574.0,,3.60e+04,B,58 476.689,-,58 962.739,3s7p,3P°,0,3s8s,3S,1,,https://physics.nist.gov/cgi-bin/ASBib1/get_ASBib_ref.cgi?db=tp&amp;db_id=6298&amp;comment_code=c72&amp;element=Mg&amp;spectr_charge=1&amp;ref=6298&amp;type=,
,20 588.0,,1.08e+05,B,58 477.020,-,58 962.739,3s7p,3P°,1,3s8s,3S,1,,https://physics.nist.gov/cgi-bin/ASBib1/get_ASBib_ref.cgi?db=tp&amp;db_id=6298&amp;comment_code=c72&amp;element=Mg&amp;spectr_charge=1&amp;ref=6298&amp;type=,
,20 619.4,,1.79e+05,B,58 477.760,-,58 962.739,3s7p,3P°,2,3s8s,3S,1,,https://physics.nist.gov/cgi-bin/ASBib1/get_ASBib_ref.cgi?db=tp&amp;db_id=6298&amp;comment_code=c72&amp;element=Mg&amp;spectr_charge=1&amp;ref=6298&amp;type=,
,20 639.9,,2.55e+04,B+,54 192.256,-,54 676.755,3s4d,3D,3,3s4f,3F°,4,,https://physics.nist.gov/cgi-bin/ASBib1/get_ASBib_ref.cgi?db=tp&amp;db_id=6298&amp;comment_code=c72&amp;element=Mg&amp;spectr_charge=1&amp;ref=6298&amp;type=,
,20 642.2,,2.83e+03,B+,54 192.256,-,54 676.701,3s4d,3D,3,3s4f,3F°,3,,https://physics.nist.gov/cgi-bin/ASBib1/get_ASBib_ref.cgi?db=tp&amp;db_id=6298&amp;comment_code=c72&amp;element=Mg&amp;spectr_charge=1&amp;ref=6298&amp;type=,
,20 643.8,,2.26e+04,B+,54 192.294,-,54 676.701,3s4d,3D,2,3s4f,3F°,3,,https://physics.nist.gov/cgi-bin/ASBib1/get_ASBib_ref.cgi?db=tp&amp;db_id=6298&amp;comment_code=c72&amp;element=Mg&amp;spectr_charge=1&amp;ref=6298&amp;type=,
,20 644.2,,1.12e+02,C,54 192.256,-,54 676.654,3s4d,3D,3,3s4f,3F°,2,,https://physics.nist.gov/cgi-bin/ASBib1/get_ASBib_ref.cgi?db=tp&amp;db_id=6298&amp;comment_code=c72&amp;element=Mg&amp;spectr_charge=1&amp;ref=6298&amp;type=,
,20 645.8,,3.97e+03,B+,54 192.294,-,54 676.654,3s4d,3D,2,3s4f,3F°,2,,https://physics.nist.gov/cgi-bin/ASBib1/get_ASBib_ref.cgi?db=tp&amp;db_id=6298&amp;comment_code=c72&amp;element=Mg&amp;spectr_charge=1&amp;ref=6298&amp;type=,
,20 647.5,,2.14e+04,B+,54 192.335,-,54 676.654,3s4d,3D,1,3s4f,3F°,2,,https://physics.nist.gov/cgi-bin/ASBib1/get_ASBib_ref.cgi?db=tp&amp;db_id=6298&amp;comment_code=c72&amp;element=Mg&amp;spectr_charge=1&amp;ref=6298&amp;type=,
,20 814.6,,3.64e+04,B,59 400.763,-,59 881.196,3s7f,3F°,2,3s8d,3D,1,,https://physics.nist.gov/cgi-bin/ASBib1/get_ASBib_ref.cgi?db=tp&amp;db_id=6298&amp;comment_code=c72&amp;element=Mg&amp;spectr_charge=1&amp;ref=6298&amp;type=,
,20 815.2,,3.23e+04,B,59 400.763,-,59 881.181,3s7f,3F°,3,3s8d,3D,2,,https://physics.nist.gov/cgi-bin/ASBib1/get_ASBib_ref.cgi?db=tp&amp;db_id=6298&amp;comment_code=c72&amp;element=Mg&amp;spectr_charge=1&amp;ref=6298&amp;type=,
,20 815.2,,4.06e+03,B,59 400.763,-,59 881.181,3s7f,3F°,2,3s8d,3D,2,,https://physics.nist.gov/cgi-bin/ASBib1/get_ASBib_ref.cgi?db=tp&amp;db_id=6298&amp;comment_code=c72&amp;element=Mg&amp;spectr_charge=1&amp;ref=6298&amp;type=,
,20 815.8,,8.18e+01,D+,59 400.763,-,59 881.168,3s7f,3F°,2,3s8d,3D,3,,https://physics.nist.gov/cgi-bin/ASBib1/get_ASBib_ref.cgi?db=tp&amp;db_id=6298&amp;comment_code=c72&amp;element=Mg&amp;spectr_charge=1&amp;ref=6298&amp;type=,
,20 815.8,,3.34e+04,B,59 400.763,-,59 881.168,3s7f,3F°,4,3s8d,3D,3,,https://physics.nist.gov/cgi-bin/ASBib1/get_ASBib_ref.cgi?db=tp&amp;db_id=6298&amp;comment_code=c72&amp;element=Mg&amp;spectr_charge=1&amp;ref=6298&amp;type=,
,20 815.8,,2.89e+03,B,59 400.763,-,59 881.168,3s7f,3F°,3,3s8d,3D,3,,https://physics.nist.gov/cgi-bin/ASBib1/get_ASBib_ref.cgi?db=tp&amp;db_id=6298&amp;comment_code=c72&amp;element=Mg&amp;spectr_charge=1&amp;ref=6298&amp;type=,
,21 129,,3.16e+05,B,58 580.23,-,59 053.52,3s7p,1P°,1,3s8s,1S,0,,https://physics.nist.gov/cgi-bin/ASBib1/get_ASBib_ref.cgi?db=tp&amp;db_id=6298&amp;comment_code=c72&amp;element=Mg&amp;spectr_charge=1&amp;ref=6298&amp;type=,
,21 480.3,,1.04e+05,B,58 575.477,-,59 041.019,3s6f,1F°,3,3s7d,1D,2,,https://physics.nist.gov/cgi-bin/ASBib1/get_ASBib_ref.cgi?db=tp&amp;db_id=6298&amp;comment_code=c72&amp;element=Mg&amp;spectr_charge=1&amp;ref=6298&amp;type=,
,21 702,,1.74e+05,B,58 580.23,-,59 041.019,3s7p,1P°,1,3s7d,1D,2,,https://physics.nist.gov/cgi-bin/ASBib1/get_ASBib_ref.cgi?db=tp&amp;db_id=6298&amp;comment_code=c72&amp;element=Mg&amp;spectr_charge=1&amp;ref=6298&amp;type=,
,22 930,,1.62e+04,B,60 127.239,-,60 563.35,3s9d,1D,2,3s11p,1P°,1,,https://physics.nist.gov/cgi-bin/ASBib1/get_ASBib_ref.cgi?db=tp&amp;db_id=6298&amp;comment_code=c72&amp;element=Mg&amp;spectr_charge=1&amp;ref=6298&amp;type=,
,22 967.5,,6.96e+03,B,60 127.239,-,60 562.637,3s9d,1D,2,3s10f,1F°,3,,https://physics.nist.gov/cgi-bin/ASBib1/get_ASBib_ref.cgi?db=tp&amp;db_id=6298&amp;comment_code=c72&amp;element=Mg&amp;spectr_charge=1&amp;ref=6298&amp;type=,
,23 803,,5.61e+03,B,60 143.23,-,60 563.35,3s10s,1S,0,3s11p,1P°,1,,https://physics.nist.gov/cgi-bin/ASBib1/get_ASBib_ref.cgi?db=tp&amp;db_id=6298&amp;comment_code=c72&amp;element=Mg&amp;spectr_charge=1&amp;ref=6298&amp;type=,
,23 803.0,,1.50e+02,C,59 881.168,-,60 301.283,3s8d,3D,3,3s9f,3F°,2,,https://physics.nist.gov/cgi-bin/ASBib1/get_ASBib_ref.cgi?db=tp&amp;db_id=6298&amp;comment_code=c72&amp;element=Mg&amp;spectr_charge=1&amp;ref=6298&amp;type=,
,23 803.0,,3.42e+04,B,59 881.168,-,60 301.283,3s8d,3D,3,3s9f,3F°,4,,https://physics.nist.gov/cgi-bin/ASBib1/get_ASBib_ref.cgi?db=tp&amp;db_id=6298&amp;comment_code=c72&amp;element=Mg&amp;spectr_charge=1&amp;ref=6298&amp;type=,
,23 803.0,,3.80e+03,B,59 881.168,-,60 301.283,3s8d,3D,3,3s9f,3F°,3,,https://physics.nist.gov/cgi-bin/ASBib1/get_ASBib_ref.cgi?db=tp&amp;db_id=6298&amp;comment_code=c72&amp;element=Mg&amp;spectr_charge=1&amp;ref=6298&amp;type=,
,23 803.7,,3.04e+04,B,59 881.181,-,60 301.283,3s8d,3D,2,3s9f,3F°,3,,https://physics.nist.gov/cgi-bin/ASBib1/get_ASBib_ref.cgi?db=tp&amp;db_id=6298&amp;comment_code=c72&amp;element=Mg&amp;spectr_charge=1&amp;ref=6298&amp;type=,
,23 803.7,,5.32e+03,B,59 881.181,-,60 301.283,3s8d,3D,2,3s9f,3F°,2,,https://physics.nist.gov/cgi-bin/ASBib1/get_ASBib_ref.cgi?db=tp&amp;db_id=6298&amp;comment_code=c72&amp;element=Mg&amp;spectr_charge=1&amp;ref=6298&amp;type=,
,23 804.6,,2.87e+04,B,59 881.196,-,60 301.283,3s8d,3D,1,3s9f,3F°,2,,https://physics.nist.gov/cgi-bin/ASBib1/get_ASBib_ref.cgi?db=tp&amp;db_id=6298&amp;comment_code=c72&amp;element=Mg&amp;spectr_charge=1&amp;ref=6298&amp;type=,
,26 332,,9.91e+04,B,58 962.739,-,59 342.51,3s8s,3S,1,3s8p,3P°,1,,https://physics.nist.gov/cgi-bin/ASBib1/get_ASBib_ref.cgi?db=tp&amp;db_id=6298&amp;comment_code=c72&amp;element=Mg&amp;spectr_charge=1&amp;ref=6298&amp;type=,
,26 332,,9.87e+04,B,58 962.739,-,59 342.51,3s8s,3S,1,3s8p,3P°,2,,https://physics.nist.gov/cgi-bin/ASBib1/get_ASBib_ref.cgi?db=tp&amp;db_id=6298&amp;comment_code=c72&amp;element=Mg&amp;spectr_charge=1&amp;ref=6298&amp;type=,
,26 332,,9.90e+04,B,58 962.739,-,59 342.51,3s8s,3S,1,3s8p,3P°,0,,https://physics.nist.gov/cgi-bin/ASBib1/get_ASBib_ref.cgi?db=tp&amp;db_id=6298&amp;comment_code=c72&amp;element=Mg&amp;spectr_charge=1&amp;ref=6298&amp;type=,
,27 343,,2.48e+04,B,59 897.86,-,60 263.583,3s9p,3P°,0,3s9d,3D,1,,https://physics.nist.gov/cgi-bin/ASBib1/get_ASBib_ref.cgi?db=tp&amp;db_id=6298&amp;comment_code=c72&amp;element=Mg&amp;spectr_charge=1&amp;ref=6298&amp;type=,
,27 343,,1.24e+03,C+,59 897.86,-,60 263.583,3s9p,3P°,2,3s9d,3D,1,,https://physics.nist.gov/cgi-bin/ASBib1/get_ASBib_ref.cgi?db=tp&amp;db_id=6298&amp;comment_code=c72&amp;element=Mg&amp;spectr_charge=1&amp;ref=6298&amp;type=,
,27 343,,4.47e+04,B,59 897.86,-,60 263.583,3s9p,3P°,2,3s9d,3D,3,,https://physics.nist.gov/cgi-bin/ASBib1/get_ASBib_ref.cgi?db=tp&amp;db_id=6298&amp;comment_code=c72&amp;element=Mg&amp;spectr_charge=1&amp;ref=6298&amp;type=,
,27 343,,1.12e+04,B,59 897.86,-,60 263.583,3s9p,3P°,2,3s9d,3D,2,,https://physics.nist.gov/cgi-bin/ASBib1/get_ASBib_ref.cgi?db=tp&amp;db_id=6298&amp;comment_code=c72&amp;element=Mg&amp;spectr_charge=1&amp;ref=6298&amp;type=,
,27 343,,3.35e+04,B,59 897.86,-,60 263.583,3s9p,3P°,1,3s9d,3D,2,,https://physics.nist.gov/cgi-bin/ASBib1/get_ASBib_ref.cgi?db=tp&amp;db_id=6298&amp;comment_code=c72&amp;element=Mg&amp;spectr_charge=1&amp;ref=6298&amp;type=,
,27 343,,1.86e+04,B,59 897.86,-,60 263.583,3s9p,3P°,1,3s9d,3D,1,,https://physics.nist.gov/cgi-bin/ASBib1/get_ASBib_ref.cgi?db=tp&amp;db_id=6298&amp;comment_code=c72&amp;element=Mg&amp;spectr_charge=1&amp;ref=6298&amp;type=,
,27 612,,1.05e+05,B,59 041.019,-,59 403.18,3s7d,1D,2,3s8p,1P°,1,,https://physics.nist.gov/cgi-bin/ASBib1/get_ASBib_ref.cgi?db=tp&amp;db_id=6298&amp;comment_code=c72&amp;element=Mg&amp;spectr_charge=1&amp;ref=6298&amp;type=,
,27 797.5,,1.23e+05,B,59 041.019,-,59 400.763,3s7d,1D,2,3s7f,1F°,3,,https://physics.nist.gov/cgi-bin/ASBib1/get_ASBib_ref.cgi?db=tp&amp;db_id=6298&amp;comment_code=c72&amp;element=Mg&amp;spectr_charge=1&amp;ref=6298&amp;type=,
,28 538,,8.59e+03,B,59 950.87,-,60 301.283,3s8g,3G,5,3s9f,3F°,4,,https://physics.nist.gov/cgi-bin/ASBib1/get_ASBib_ref.cgi?db=tp&amp;db_id=6298&amp;comment_code=c72&amp;element=Mg&amp;spectr_charge=1&amp;ref=6298&amp;type=,
,28 538,,9.01e+03,B,59 950.87,-,60 301.283,3s8g,1G,4,3s9f,1F°,3,,https://physics.nist.gov/cgi-bin/ASBib1/get_ASBib_ref.cgi?db=tp&amp;db_id=6298&amp;comment_code=c72&amp;element=Mg&amp;spectr_charge=1&amp;ref=6298&amp;type=,
,28 538,,8.46e+03,B,59 950.87,-,60 301.283,3s8g,3G,4,3s9f,3F°,3,,https://physics.nist.gov/cgi-bin/ASBib1/get_ASBib_ref.cgi?db=tp&amp;db_id=6298&amp;comment_code=c72&amp;element=Mg&amp;spectr_charge=1&amp;ref=6298&amp;type=,
,28 538,,4.40e+02,C+,59 950.87,-,60 301.283,3s8g,3G,4,3s9f,3F°,4,,https://physics.nist.gov/cgi-bin/ASBib1/get_ASBib_ref.cgi?db=tp&amp;db_id=6298&amp;comment_code=c72&amp;element=Mg&amp;spectr_charge=1&amp;ref=6298&amp;type=,
,28 599,,8.37e+04,B,59 053.52,-,59 403.18,3s8s,1S,0,3s8p,1P°,1,,https://physics.nist.gov/cgi-bin/ASBib1/get_ASBib_ref.cgi?db=tp&amp;db_id=6298&amp;comment_code=c72&amp;element=Mg&amp;spectr_charge=1&amp;ref=6298&amp;type=,
,30 468.0,,1.99e+04,B,59 935.370,-,60 263.583,3s8f,3F°,3,3s9d,3D,2,,https://physics.nist.gov/cgi-bin/ASBib1/get_ASBib_ref.cgi?db=tp&amp;db_id=6298&amp;comment_code=c72&amp;element=Mg&amp;spectr_charge=1&amp;ref=6298&amp;type=,
,30 468.0,,2.49e+03,B,59 935.370,-,60 263.583,3s8f,3F°,2,3s9d,3D,2,,https://physics.nist.gov/cgi-bin/ASBib1/get_ASBib_ref.cgi?db=tp&amp;db_id=6298&amp;comment_code=c72&amp;element=Mg&amp;spectr_charge=1&amp;ref=6298&amp;type=,
,30 468.0,,2.24e+04,B,59 935.370,-,60 263.583,3s8f,3F°,2,3s9d,3D,1,,https://physics.nist.gov/cgi-bin/ASBib1/get_ASBib_ref.cgi?db=tp&amp;db_id=6298&amp;comment_code=c72&amp;element=Mg&amp;spectr_charge=1&amp;ref=6298&amp;type=,
,30 468.0,,5.02e+01,C,59 935.370,-,60 263.583,3s8f,3F°,2,3s9d,3D,3,,https://physics.nist.gov/cgi-bin/ASBib1/get_ASBib_ref.cgi?db=tp&amp;db_id=6298&amp;comment_code=c72&amp;element=Mg&amp;spectr_charge=1&amp;ref=6298&amp;type=,
,30 468.0,,2.05e+04,B,59 935.370,-,60 263.583,3s8f,3F°,4,3s9d,3D,3,,https://physics.nist.gov/cgi-bin/ASBib1/get_ASBib_ref.cgi?db=tp&amp;db_id=6298&amp;comment_code=c72&amp;element=Mg&amp;spectr_charge=1&amp;ref=6298&amp;type=,
,30 468.0,,1.78e+03,B,59 935.370,-,60 263.583,3s8f,3F°,3,3s9d,3D,3,,https://physics.nist.gov/cgi-bin/ASBib1/get_ASBib_ref.cgi?db=tp&amp;db_id=6298&amp;comment_code=c72&amp;element=Mg&amp;spectr_charge=1&amp;ref=6298&amp;type=,
,32 612,,1.71e+04,B,59 342.51,-,59 649.15,3s8p,3P°,0,3s9s,3S,1,,https://physics.nist.gov/cgi-bin/ASBib1/get_ASBib_ref.cgi?db=tp&amp;db_id=6298&amp;comment_code=c72&amp;element=Mg&amp;spectr_charge=1&amp;ref=6298&amp;type=,
,32 612,,8.53e+04,B,59 342.51,-,59 649.15,3s8p,3P°,2,3s9s,3S,1,,https://physics.nist.gov/cgi-bin/ASBib1/get_ASBib_ref.cgi?db=tp&amp;db_id=6298&amp;comment_code=c72&amp;element=Mg&amp;spectr_charge=1&amp;ref=6298&amp;type=,
,32 612,,5.12e+04,B,59 342.51,-,59 649.15,3s8p,3P°,1,3s9s,3S,1,,https://physics.nist.gov/cgi-bin/ASBib1/get_ASBib_ref.cgi?db=tp&amp;db_id=6298&amp;comment_code=c72&amp;element=Mg&amp;spectr_charge=1&amp;ref=6298&amp;type=,
,32 902,,1.53e+05,B,59 403.18,-,59 707.11,3s8p,1P°,1,3s9s,1S,0,,https://physics.nist.gov/cgi-bin/ASBib1/get_ASBib_ref.cgi?db=tp&amp;db_id=6298&amp;comment_code=c72&amp;element=Mg&amp;spectr_charge=1&amp;ref=6298&amp;type=,
,33 438.8,,1.44e+04,B,60 263.583,-,60 562.637,3s9d,3D,1,3s10f,3F°,2,,https://physics.nist.gov/cgi-bin/ASBib1/get_ASBib_ref.cgi?db=tp&amp;db_id=6298&amp;comment_code=c72&amp;element=Mg&amp;spectr_charge=1&amp;ref=6298&amp;type=,
,33 438.8,,7.52e+01,C,60 263.583,-,60 562.637,3s9d,3D,3,3s10f,3F°,2,,https://physics.nist.gov/cgi-bin/ASBib1/get_ASBib_ref.cgi?db=tp&amp;db_id=6298&amp;comment_code=c72&amp;element=Mg&amp;spectr_charge=1&amp;ref=6298&amp;type=,
,33 438.8,,1.71e+04,B,60 263.583,-,60 562.637,3s9d,3D,3,3s10f,3F°,4,,https://physics.nist.gov/cgi-bin/ASBib1/get_ASBib_ref.cgi?db=tp&amp;db_id=6298&amp;comment_code=c72&amp;element=Mg&amp;spectr_charge=1&amp;ref=6298&amp;type=,
,33 438.8,,1.90e+03,B,60 263.583,-,60 562.637,3s9d,3D,3,3s10f,3F°,3,,https://physics.nist.gov/cgi-bin/ASBib1/get_ASBib_ref.cgi?db=tp&amp;db_id=6298&amp;comment_code=c72&amp;element=Mg&amp;spectr_charge=1&amp;ref=6298&amp;type=,
,33 438.8,,1.52e+04,B,60 263.583,-,60 562.637,3s9d,3D,2,3s10f,3F°,3,,https://physics.nist.gov/cgi-bin/ASBib1/get_ASBib_ref.cgi?db=tp&amp;db_id=6298&amp;comment_code=c72&amp;element=Mg&amp;spectr_charge=1&amp;ref=6298&amp;type=,
,33 438.8,,2.67e+03,B,60 263.583,-,60 562.637,3s9d,3D,2,3s10f,3F°,2,,https://physics.nist.gov/cgi-bin/ASBib1/get_ASBib_ref.cgi?db=tp&amp;db_id=6298&amp;comment_code=c72&amp;element=Mg&amp;spectr_charge=1&amp;ref=6298&amp;type=,
,34 574.8,,5.53e+04,B,59 400.763,-,59 689.991,3s7f,1F°,3,3s8d,1D,2,,https://physics.nist.gov/cgi-bin/ASBib1/get_ASBib_ref.cgi?db=tp&amp;db_id=6298&amp;comment_code=c72&amp;element=Mg&amp;spectr_charge=1&amp;ref=6298&amp;type=,
,34 866,,7.70e+04,B,59 403.18,-,59 689.991,3s8p,1P°,1,3s8d,1D,2,,https://physics.nist.gov/cgi-bin/ASBib1/get_ASBib_ref.cgi?db=tp&amp;db_id=6298&amp;comment_code=c72&amp;element=Mg&amp;spectr_charge=1&amp;ref=6298&amp;type=,
,40 207,,4.85e+04,B,59 649.15,-,59 897.86,3s9s,3S,1,3s9p,3P°,2,,https://physics.nist.gov/cgi-bin/ASBib1/get_ASBib_ref.cgi?db=tp&amp;db_id=6298&amp;comment_code=c72&amp;element=Mg&amp;spectr_charge=1&amp;ref=6298&amp;type=,
,40 207,,4.87e+04,B,59 649.15,-,59 897.86,3s9s,3S,1,3s9p,3P°,1,,https://physics.nist.gov/cgi-bin/ASBib1/get_ASBib_ref.cgi?db=tp&amp;db_id=6298&amp;comment_code=c72&amp;element=Mg&amp;spectr_charge=1&amp;ref=6298&amp;type=,
,40 207,,4.85e+04,B,59 649.15,-,59 897.86,3s9s,3S,1,3s9p,3P°,0,,https://physics.nist.gov/cgi-bin/ASBib1/get_ASBib_ref.cgi?db=tp&amp;db_id=6298&amp;comment_code=c72&amp;element=Mg&amp;spectr_charge=1&amp;ref=6298&amp;type=,
,40 545,,5.92e+04,B,59 689.991,-,59 936.63,3s8d,1D,2,3s9p,1P°,1,,https://physics.nist.gov/cgi-bin/ASBib1/get_ASBib_ref.cgi?db=tp&amp;db_id=6298&amp;comment_code=c72&amp;element=Mg&amp;spectr_charge=1&amp;ref=6298&amp;type=,
,40 753.3,,6.63e+04,B+,59 689.991,-,59 935.370,3s8d,1D,2,3s8f,1F°,3,,https://physics.nist.gov/cgi-bin/ASBib1/get_ASBib_ref.cgi?db=tp&amp;db_id=6298&amp;comment_code=c72&amp;element=Mg&amp;spectr_charge=1&amp;ref=6298&amp;type=,
,42 357.3,,1.03e+04,B+,56 968.218,-,57 204.305,3s5d,3D,3,3s5f,3F°,4,,https://physics.nist.gov/cgi-bin/ASBib1/get_ASBib_ref.cgi?db=tp&amp;db_id=6298&amp;comment_code=c72&amp;element=Mg&amp;spectr_charge=1&amp;ref=6298&amp;type=,
,42 364.1,,1.14e+03,B+,56 968.218,-,57 204.267,3s5d,3D,3,3s5f,3F°,3,,https://physics.nist.gov/cgi-bin/ASBib1/get_ASBib_ref.cgi?db=tp&amp;db_id=6298&amp;comment_code=c72&amp;element=Mg&amp;spectr_charge=1&amp;ref=6298&amp;type=,
,42 369.5,,9.13e+03,B+,56 968.248,-,57 204.267,3s5d,3D,2,3s5f,3F°,3,,https://physics.nist.gov/cgi-bin/ASBib1/get_ASBib_ref.cgi?db=tp&amp;db_id=6298&amp;comment_code=c72&amp;element=Mg&amp;spectr_charge=1&amp;ref=6298&amp;type=,
,42 371.1,,4.51e+01,C+,56 968.218,-,57 204.228,3s5d,3D,3,3s5f,3F°,2,,https://physics.nist.gov/cgi-bin/ASBib1/get_ASBib_ref.cgi?db=tp&amp;db_id=6298&amp;comment_code=c72&amp;element=Mg&amp;spectr_charge=1&amp;ref=6298&amp;type=,
,42 376.5,,1.60e+03,B+,56 968.248,-,57 204.228,3s5d,3D,2,3s5f,3F°,2,,https://physics.nist.gov/cgi-bin/ASBib1/get_ASBib_ref.cgi?db=tp&amp;db_id=6298&amp;comment_code=c72&amp;element=Mg&amp;spectr_charge=1&amp;ref=6298&amp;type=,
,42 380.6,,8.62e+03,B+,56 968.271,-,57 204.228,3s5d,3D,1,3s5f,3F°,2,,https://physics.nist.gov/cgi-bin/ASBib1/get_ASBib_ref.cgi?db=tp&amp;db_id=6298&amp;comment_code=c72&amp;element=Mg&amp;spectr_charge=1&amp;ref=6298&amp;type=,
,42 725,,1.42e+04,B,60 301.283,-,60 535.34,3s9f,3F°,2,3s10d,3D,1,,https://physics.nist.gov/cgi-bin/ASBib1/get_ASBib_ref.cgi?db=tp&amp;db_id=6298&amp;comment_code=c72&amp;element=Mg&amp;spectr_charge=1&amp;ref=6298&amp;type=,
,42 725,,3.18e+01,C,60 301.283,-,60 535.34,3s9f,3F°,2,3s10d,3D,3,,https://physics.nist.gov/cgi-bin/ASBib1/get_ASBib_ref.cgi?db=tp&amp;db_id=6298&amp;comment_code=c72&amp;element=Mg&amp;spectr_charge=1&amp;ref=6298&amp;type=,
,42 725,,1.30e+04,B,60 301.283,-,60 535.34,3s9f,3F°,4,3s10d,3D,3,,https://physics.nist.gov/cgi-bin/ASBib1/get_ASBib_ref.cgi?db=tp&amp;db_id=6298&amp;comment_code=c72&amp;element=Mg&amp;spectr_charge=1&amp;ref=6298&amp;type=,
,42 725,,1.13e+03,B,60 301.283,-,60 535.34,3s9f,3F°,3,3s10d,3D,3,,https://physics.nist.gov/cgi-bin/ASBib1/get_ASBib_ref.cgi?db=tp&amp;db_id=6298&amp;comment_code=c72&amp;element=Mg&amp;spectr_charge=1&amp;ref=6298&amp;type=,
,42 725,,1.26e+04,B,60 301.283,-,60 535.34,3s9f,3F°,3,3s10d,3D,2,,https://physics.nist.gov/cgi-bin/ASBib1/get_ASBib_ref.cgi?db=tp&amp;db_id=6298&amp;comment_code=c72&amp;element=Mg&amp;spectr_charge=1&amp;ref=6298&amp;type=,
,42 725,,1.58e+03,B,60 301.283,-,60 535.34,3s9f,3F°,2,3s10d,3D,2,,https://physics.nist.gov/cgi-bin/ASBib1/get_ASBib_ref.cgi?db=tp&amp;db_id=6298&amp;comment_code=c72&amp;element=Mg&amp;spectr_charge=1&amp;ref=6298&amp;type=,
,43 569,,4.11e+04,B,59 707.11,-,59 936.63,3s9s,1S,0,3s9p,1P°,1,,https://physics.nist.gov/cgi-bin/ASBib1/get_ASBib_ref.cgi?db=tp&amp;db_id=6298&amp;comment_code=c72&amp;element=Mg&amp;spectr_charge=1&amp;ref=6298&amp;type=,
,48 403,,8.21e+04,B,59 936.63,-,60 143.23,3s9p,1P°,1,3s10s,1S,0,,https://physics.nist.gov/cgi-bin/ASBib1/get_ASBib_ref.cgi?db=tp&amp;db_id=6298&amp;comment_code=c72&amp;element=Mg&amp;spectr_charge=1&amp;ref=6298&amp;type=,
,48 511,,4.48e+04,B,59 897.86,-,60 104.00,3s9p,3P°,2,3s10s,3S,1,,https://physics.nist.gov/cgi-bin/ASBib1/get_ASBib_ref.cgi?db=tp&amp;db_id=6298&amp;comment_code=c72&amp;element=Mg&amp;spectr_charge=1&amp;ref=6298&amp;type=,
,48 511,,2.69e+04,B,59 897.86,-,60 104.00,3s9p,3P°,1,3s10s,3S,1,,https://physics.nist.gov/cgi-bin/ASBib1/get_ASBib_ref.cgi?db=tp&amp;db_id=6298&amp;comment_code=c72&amp;element=Mg&amp;spectr_charge=1&amp;ref=6298&amp;type=,
,48 511,,8.97e+03,B,59 897.86,-,60 104.00,3s9p,3P°,0,3s10s,3S,1,,https://physics.nist.gov/cgi-bin/ASBib1/get_ASBib_ref.cgi?db=tp&amp;db_id=6298&amp;comment_code=c72&amp;element=Mg&amp;spectr_charge=1&amp;ref=6298&amp;type=,
,52 118.9,,3.10e+04,B,59 935.370,-,60 127.239,3s8f,1F°,3,3s9d,1D,2,,https://physics.nist.gov/cgi-bin/ASBib1/get_ASBib_ref.cgi?db=tp&amp;db_id=6298&amp;comment_code=c72&amp;element=Mg&amp;spectr_charge=1&amp;ref=6298&amp;type=,
,52 463,,3.82e+04,B,59 936.63,-,60 127.239,3s9p,1P°,1,3s9d,1D,2,,https://physics.nist.gov/cgi-bin/ASBib1/get_ASBib_ref.cgi?db=tp&amp;db_id=6298&amp;comment_code=c72&amp;element=Mg&amp;spectr_charge=1&amp;ref=6298&amp;type=,
,57 123,,3.51e+04,B,60 127.239,-,60 302.30,3s9d,1D,2,3s10p,1P°,1,,https://physics.nist.gov/cgi-bin/ASBib1/get_ASBib_ref.cgi?db=tp&amp;db_id=6298&amp;comment_code=c72&amp;element=Mg&amp;spectr_charge=1&amp;ref=6298&amp;type=,
,57 456.7,,3.74e+04,B+,60 127.239,-,60 301.283,3s9d,1D,2,3s9f,1F°,3,,https://physics.nist.gov/cgi-bin/ASBib1/get_ASBib_ref.cgi?db=tp&amp;db_id=6298&amp;comment_code=c72&amp;element=Mg&amp;spectr_charge=1&amp;ref=6298&amp;type=,
,62 865,,2.22e+04,B,60 143.23,-,60 302.30,3s10s,1S,0,3s10p,1P°,1,,https://physics.nist.gov/cgi-bin/ASBib1/get_ASBib_ref.cgi?db=tp&amp;db_id=6298&amp;comment_code=c72&amp;element=Mg&amp;spectr_charge=1&amp;ref=6298&amp;type=,
,74 729.5,,1.82e+04,B+,60 301.283,-,60 435.099,3s9f,1F°,3,3s10d,1D,2,,https://physics.nist.gov/cgi-bin/ASBib1/get_ASBib_ref.cgi?db=tp&amp;db_id=6298&amp;comment_code=c72&amp;element=Mg&amp;spectr_charge=1&amp;ref=6298&amp;type=,
,75 302,,2.05e+04,B+,60 302.30,-,60 435.099,3s10p,1P°,1,3s10d,1D,2,,https://physics.nist.gov/cgi-bin/ASBib1/get_ASBib_ref.cgi?db=tp&amp;db_id=6298&amp;comment_code=c72&amp;element=Mg&amp;spectr_charge=1&amp;ref=6298&amp;type=,
,75 367,,1.94e+01,B,58 442.843,-,58 575.527,3s6d,3D,3,3s6f,3F°,2,,https://physics.nist.gov/cgi-bin/ASBib1/get_ASBib_ref.cgi?db=tp&amp;db_id=6298&amp;comment_code=c72&amp;element=Mg&amp;spectr_charge=1&amp;ref=6298&amp;type=,
,75 367,,4.93e+02,B+,58 442.843,-,58 575.527,3s6d,3D,3,3s6f,3F°,3,,https://physics.nist.gov/cgi-bin/ASBib1/get_ASBib_ref.cgi?db=tp&amp;db_id=6298&amp;comment_code=c72&amp;element=Mg&amp;spectr_charge=1&amp;ref=6298&amp;type=,
,75 367,,4.42e+03,B+,58 442.843,-,58 575.527,3s6d,3D,3,3s6f,3F°,4,,https://physics.nist.gov/cgi-bin/ASBib1/get_ASBib_ref.cgi?db=tp&amp;db_id=6298&amp;comment_code=c72&amp;element=Mg&amp;spectr_charge=1&amp;ref=6298&amp;type=,
,75 373,,3.92e+03,B+,58 442.853,-,58 575.527,3s6d,3D,2,3s6f,3F°,3,,https://physics.nist.gov/cgi-bin/ASBib1/get_ASBib_ref.cgi?db=tp&amp;db_id=6298&amp;comment_code=c72&amp;element=Mg&amp;spectr_charge=1&amp;ref=6298&amp;type=,
,75 373,,6.89e+02,B+,58 442.853,-,58 575.527,3s6d,3D,2,3s6f,3F°,2,,https://physics.nist.gov/cgi-bin/ASBib1/get_ASBib_ref.cgi?db=tp&amp;db_id=6298&amp;comment_code=c72&amp;element=Mg&amp;spectr_charge=1&amp;ref=6298&amp;type=,
,75 385,,3.71e+03,B+,58 442.874,-,58 575.527,3s6d,3D,1,3s6f,3F°,2,,https://physics.nist.gov/cgi-bin/ASBib1/get_ASBib_ref.cgi?db=tp&amp;db_id=6298&amp;comment_code=c72&amp;element=Mg&amp;spectr_charge=1&amp;ref=6298&amp;type=,
,77 972,,2.18e+04,B+,60 435.099,-,60 563.35,3s10d,1D,2,3s11p,1P°,1,,https://physics.nist.gov/cgi-bin/ASBib1/get_ASBib_ref.cgi?db=tp&amp;db_id=6298&amp;comment_code=c72&amp;element=Mg&amp;spectr_charge=1&amp;ref=6298&amp;type=,
,78 408,,2.22e+04,B+,60 435.099,-,60 562.637,3s10d,1D,2,3s10f,1F°,3,,https://physics.nist.gov/cgi-bin/ASBib1/get_ASBib_ref.cgi?db=tp&amp;db_id=6298&amp;comment_code=c72&amp;element=Mg&amp;spectr_charge=1&amp;ref=6298&amp;type=,
,86 252.3,,5.49e+01,A,47 841.119,-,47 957.058,3s4p,3P°,0,3s3d,3D,1,,https://physics.nist.gov/cgi-bin/ASBib1/get_ASBib_ref.cgi?db=tp&amp;db_id=&amp;comment_code=c45&amp;element=Mg&amp;spectr_charge=1&amp;ref=&amp;type=,
,86 275.3,,2.41e-16,B,47 841.119,-,47 957.027,3s4p,3P°,0,3s3d,3D,2,M2,https://physics.nist.gov/cgi-bin/ASBib1/get_ASBib_ref.cgi?db=tp&amp;db_id=&amp;comment_code=c43&amp;element=Mg&amp;spectr_charge=1&amp;ref=&amp;type=M2,
,88 775.3,,3.77e+01,B+,47 844.414,-,47 957.058,3s4p,3P°,1,3s3d,3D,1,,https://physics.nist.gov/cgi-bin/ASBib1/get_ASBib_ref.cgi?db=tp&amp;db_id=&amp;comment_code=c45&amp;element=Mg&amp;spectr_charge=1&amp;ref=&amp;type=,
,88 775.3,,3.23e-16,B,47 844.414,-,47 957.058,3s4p,3P°,1,3s3d,3D,1,M2,https://physics.nist.gov/cgi-bin/ASBib1/get_ASBib_ref.cgi?db=tp&amp;db_id=&amp;comment_code=c43&amp;element=Mg&amp;spectr_charge=1&amp;ref=&amp;type=M2,
,88 785.5,,2.16e-16,B,47 844.414,-,47 957.045,3s4p,3P°,1,3s3d,3D,3,M2,https://physics.nist.gov/cgi-bin/ASBib1/get_ASBib_ref.cgi?db=tp&amp;db_id=&amp;comment_code=c43&amp;element=Mg&amp;spectr_charge=1&amp;ref=&amp;type=M2,
,88 799.7,,4.09e-15,B+,47 844.414,-,47 957.027,3s4p,3P°,1,3s3d,3D,2,M2,https://physics.nist.gov/cgi-bin/ASBib1/get_ASBib_ref.cgi?db=tp&amp;db_id=&amp;comment_code=c43&amp;element=Mg&amp;spectr_charge=1&amp;ref=&amp;type=M2,
,88 799.7,,6.79e+01,A,47 844.414,-,47 957.027,3s4p,3P°,1,3s3d,3D,2,,https://physics.nist.gov/cgi-bin/ASBib1/get_ASBib_ref.cgi?db=tp&amp;db_id=&amp;comment_code=c45&amp;element=Mg&amp;spectr_charge=1&amp;ref=&amp;type=,
,94 432.3,,1.04e-18,C,47 851.162,-,47 957.058,3s4p,3P°,2,3s3d,3D,1,M2,https://physics.nist.gov/cgi-bin/ASBib1/get_ASBib_ref.cgi?db=tp&amp;db_id=&amp;comment_code=c43&amp;element=Mg&amp;spectr_charge=1&amp;ref=&amp;type=M2,
,94 432.3,,2.09e+00,B+,47 851.162,-,47 957.058,3s4p,3P°,2,3s3d,3D,1,,https://physics.nist.gov/cgi-bin/ASBib1/get_ASBib_ref.cgi?db=tp&amp;db_id=&amp;comment_code=c45&amp;element=Mg&amp;spectr_charge=1&amp;ref=&amp;type=,
,94 443.9,,7.52e+01,A,47 851.162,-,47 957.045,3s4p,3P°,2,3s3d,3D,3,,https://physics.nist.gov/cgi-bin/ASBib1/get_ASBib_ref.cgi?db=tp&amp;db_id=&amp;comment_code=c45&amp;element=Mg&amp;spectr_charge=1&amp;ref=&amp;type=,
,94 443.9,,9.59e-15,B+,47 851.162,-,47 957.045,3s4p,3P°,2,3s3d,3D,3,M2,https://physics.nist.gov/cgi-bin/ASBib1/get_ASBib_ref.cgi?db=tp&amp;db_id=&amp;comment_code=c43&amp;element=Mg&amp;spectr_charge=1&amp;ref=&amp;type=M2,
,94 459.9,,1.41e-15,B+,47 851.162,-,47 957.027,3s4p,3P°,2,3s3d,3D,2,M2,https://physics.nist.gov/cgi-bin/ASBib1/get_ASBib_ref.cgi?db=tp&amp;db_id=&amp;comment_code=c43&amp;element=Mg&amp;spectr_charge=1&amp;ref=&amp;type=M2,
,94 459.9,,1.88e+01,B+,47 851.162,-,47 957.027,3s4p,3P°,2,3s3d,3D,2,,https://physics.nist.gov/cgi-bin/ASBib1/get_ASBib_ref.cgi?db=tp&amp;db_id=&amp;comment_code=c45&amp;element=Mg&amp;spectr_charge=1&amp;ref=&amp;type=,
,164 547,,3.27e-12,A,21 850.405,-,21 911.178,3s3p,3P°,0,3s3p,3P°,2,E2,https://physics.nist.gov/cgi-bin/ASBib1/get_ASBib_ref.cgi?db=tp&amp;db_id=&amp;comment_code=c43&amp;element=Mg&amp;spectr_charge=1&amp;ref=&amp;type=E2,
245 616,245 620,,9.10e-07,B+,21 870.464,-,21 911.178,3s3p,3P°,1,3s3p,3P°,2,M1,https://physics.nist.gov/cgi-bin/ASBib1/get_ASBib_ref.cgi?db=tp&amp;db_id=&amp;comment_code=c43&amp;element=Mg&amp;spectr_charge=1&amp;ref=&amp;type=M1,https://physics.nist.gov/cgi-bin/ASBib1/get_ASBib_ref.cgi?db=el&amp;db_id=6556&amp;comment_code=&amp;element=Mg&amp;spectr_charge=1&amp;ref=6556&amp;type=M1
,245 620,,9.94e-13,A,21 870.464,-,21 911.178,3s3p,3P°,1,3s3p,3P°,2,E2,https://physics.nist.gov/cgi-bin/ASBib1/get_ASBib_ref.cgi?db=tp&amp;db_id=&amp;comment_code=c43&amp;element=Mg&amp;spectr_charge=1&amp;ref=&amp;type=E2,
498 592.5,498 530,,1.45e-07,B+,21 850.405,-,21 870.464,3s3p,3P°,0,3s3p,3P°,1,M1,https://physics.nist.gov/cgi-bin/ASBib1/get_ASBib_ref.cgi?db=tp&amp;db_id=&amp;comment_code=c43&amp;element=Mg&amp;spectr_charge=1&amp;ref=&amp;type=M1,https://physics.nist.gov/cgi-bin/ASBib1/get_ASBib_ref.cgi?db=el&amp;db_id=6263&amp;comment_code=&amp;element=Mg&amp;spectr_charge=1&amp;ref=6263&amp;type=M1
,995 720,,2.17e-14,A,47 841.119,-,47 851.162,3s4p,3P°,0,3s4p,3P°,2,E2,https://physics.nist.gov/cgi-bin/ASBib1/get_ASBib_ref.cgi?db=tp&amp;db_id=&amp;comment_code=c43&amp;element=Mg&amp;spectr_charge=1&amp;ref=&amp;type=E2,
